<!DOCTYPE HTML>
<html>
  <head>
    <meta charset="UTF-8">
    <title>Tomtom Results</title>
    <script>
      // @JSON_VAR data
      var data = {
        "program": "Tomtom",
        "version": "5.5.5",
        "release": "Thu Sep 14 08:48:04 2023 +1000",
        "cmd": [
          "tomtom", "-verbosity", "1", "-oc",
          "xstreme_example_output_files/streme_tomtom_out", "-min-overlap",
          "5", "-dist", "ed", "-evalue", "-thresh", "1", "-no-ssc",
          "xstreme_example_output_files/streme_out/streme.xml",
          "JASPAR2018_CORE_non-redundant.meme"
        ],
        "options": {
          "strands": "both",
          "distance_measure": "ed",
          "threshold_type": "evalue",
          "threshold_value": 1,
          "background_source": "--query--"
        },
        "alphabet": {
          "name": "DNA",
          "like": "dna",
          "ncore": 4,
          "symbols": [
            {
              "symbol": "A",
              "name": "Adenine",
              "colour": "CC0000",
              "complement": "T"
            }, {
              "symbol": "C",
              "name": "Cytosine",
              "colour": "0000CC",
              "complement": "G"
            }, {
              "symbol": "G",
              "name": "Guanine",
              "colour": "FFB300",
              "complement": "C"
            }, {
              "symbol": "T",
              "aliases": "U",
              "name": "Thymine",
              "colour": "008000",
              "complement": "A"
            }, {
              "symbol": "N",
              "aliases": "X.",
              "name": "Any base",
              "equals": "ACGT"
            }, {
              "symbol": "V",
              "name": "Not T",
              "equals": "ACG"
            }, {
              "symbol": "H",
              "name": "Not G",
              "equals": "ACT"
            }, {
              "symbol": "D",
              "name": "Not C",
              "equals": "AGT"
            }, {
              "symbol": "B",
              "name": "Not A",
              "equals": "CGT"
            }, {
              "symbol": "M",
              "name": "Amino",
              "equals": "AC"
            }, {
              "symbol": "R",
              "name": "Purine",
              "equals": "AG"
            }, {
              "symbol": "W",
              "name": "Weak",
              "equals": "AT"
            }, {
              "symbol": "S",
              "name": "Strong",
              "equals": "CG"
            }, {
              "symbol": "Y",
              "name": "Pyrimidine",
              "equals": "CT"
            }, {
              "symbol": "K",
              "name": "Keto",
              "equals": "GT"
            }
          ]
        },
        "background": [0.25, 0.25, 0.25, 0.25],
        "query_dbs": [
          {
            "source": "xstreme_example_output_files/streme_out/streme.xml",
            "name": "streme.xml",
            "loaded": 8,
            "excluded": 0,
            "last_modified": "Wed Nov 29 23:19:52 2023"
          }
        ],
        "target_dbs": [
          {
            "source": "JASPAR2018_CORE_non-redundant.meme",
            "name": "JASPAR2018_CORE_non-redundant",
            "loaded": 1404,
            "excluded": 0,
            "last_modified": "Sun Jun 18 07:59:29 2023"
          }
        ],
        "queries": [
          {
            "db": 0,
            "id": "1-CCASYAGRGGGCGCY",
            "alt": "STREME-1",
            "len": 15,
            "nsites": 170,
            "evalue": "1.0e-004",
            "pwm": [
              [0.0634588, 0.889922, 0.000377226, 0.0462421], 
              [0.000330694, 0.998961, 0.000377226, 0.000330694], 
              [0.666053, 0.0462886, 0.195505, 0.0921535], 
              [0.0347642, 0.597235, 0.367671, 0.000330694], 
              [0.0921556, 0.448019, 0.109419, 0.350407], 
              [0.907089, 0.000377226, 0.000377226, 0.0921556], 
              [0.000330694, 0.000377226, 0.998961, 0.000330694], 
              [0.447969, 0.0118551, 0.539846, 0.000330694], 
              [0.000330694, 0.000377226, 0.712015, 0.287277], 
              [0.000330694, 0.00611614, 0.993223, 0.000330694], 
              [0.000330694, 0.0462907, 0.901396, 0.0519832], 
              [0.172499, 0.712015, 0.00611614, 0.10937], 
              [0.298756, 0.0749832, 0.62593, 0.000330694], 
              [0.115109, 0.602973, 0.247153, 0.0347642], 
              [0.16102, 0.379146, 0.115158, 0.344675]
            ]
          }, {
            "db": 0,
            "id": "2-GCTGAGTCATN",
            "alt": "STREME-2",
            "len": 11,
            "nsites": 181,
            "evalue": "1.1e-004",
            "pwm": [
              [0.0166955, 0.0207172, 0.92839, 0.0341968], 
              [0.157356, 0.767413, 0.0478018, 0.027429], 
              [0.0138905, 0.000409531, 0.000409531, 0.985291], 
              [0.000354668, 0.00717616, 0.978581, 0.0138879], 
              [0.971752, 0.000409531, 0.00717616, 0.0206623], 
              [0.0274238, 0.217076, 0.755146, 0.000354668], 
              [0.000354668, 0.000409531, 0.000409531, 0.998826], 
              [0.00316221, 0.996074, 0.000409531, 0.000354668], 
              [0.998826, 0.000409531, 0.000409531, 0.000354668], 
              [0.0206571, 0.186023, 0.103267, 0.690053], 
              [0.218375, 0.29049, 0.318744, 0.172392]
            ]
          }, {
            "db": 0,
            "id": "3-GCGCATGCGCAC",
            "alt": "STREME-3",
            "len": 12,
            "nsites": 82,
            "evalue": "1.8e-003",
            "pwm": [
              [0.0942148, 0.000929043, 0.888487, 0.016369], 
              [0.0630706, 0.888493, 0.0476336, 0.000802833], 
              [0.016369, 0.000929043, 0.981899, 0.000802833], 
              [0.000802833, 0.966332, 0.0164953, 0.016369], 
              [0.794907, 0.10994, 0.0943499, 0.000802833], 
              [0.0319352, 0.203376, 0.0476336, 0.717055], 
              [0.000802833, 0.0164953, 0.981899, 0.000802833], 
              [0.000802833, 0.935194, 0.000929043, 0.0630736], 
              [0.016369, 0.0164982, 0.950763, 0.016369], 
              [0.000802833, 0.95076, 0.000929043, 0.0475073], 
              [0.763766, 0.0476425, 0.187789, 0.000802833], 
              [0.140916, 0.608203, 0.203379, 0.0475013]
            ]
          }, {
            "db": 0,
            "id": "4-CACTTCCTGKT",
            "alt": "STREME-4",
            "len": 11,
            "nsites": 87,
            "evalue": "5.4e-003",
            "pwm": [
              [0.155683, 0.579505, 0.145618, 0.119193], 
              [0.997662, 0.000815179, 0.000815179, 0.000708448], 
              [0.000708448, 0.997767, 0.000815179, 0.000708448], 
              [0.0270413, 0.000815179, 0.000815179, 0.971328], 
              [0.000708448, 0.000815179, 0.000815179, 0.997662], 
              [0.0270363, 0.97144, 0.000815179, 0.000708448], 
              [0.000708448, 0.997767, 0.000815179, 0.000708448], 
              [0.000708448, 0.0139791, 0.21146, 0.773852], 
              [0.119183, 0.0996753, 0.780432, 0.000708448], 
              [0.167618, 0.0550375, 0.295928, 0.481417], 
              [0.185021, 0.199876, 0.182935, 0.432169]
            ]
          }, {
            "db": 0,
            "id": "5-AGATAAGG",
            "alt": "STREME-5",
            "len": 8,
            "nsites": 289,
            "evalue": "6.2e-003",
            "pwm": [
              [0.938099, 0.0226044, 0.00910784, 0.0301888], 
              [0.0970827, 0.021392, 0.846452, 0.0350733], 
              [0.99485, 0.00160603, 0.00188125, 0.00166197], 
              [0.00036414, 0.00582553, 0.0385973, 0.955213], 
              [0.94953, 0.00137863, 0.0282604, 0.0208314], 
              [0.949052, 0.0177846, 0.0311001, 0.00206363], 
              [0.137197, 0.0281468, 0.828003, 0.00665371], 
              [0.113557, 0.177556, 0.673081, 0.0358062]
            ]
          }, {
            "db": 0,
            "id": "6-CCCCGCCCCCD",
            "alt": "STREME-6",
            "len": 11,
            "nsites": 310,
            "evalue": "9.2e-003",
            "pwm": [
              [0.110614, 0.649615, 0.0195187, 0.220252], 
              [0.00152917, 0.848356, 0.0757488, 0.0743661], 
              [0.0410504, 0.945355, 0.000256054, 0.0133384], 
              [0.0754082, 0.919743, 0.00462866, 0.000220601], 
              [0.13986, 0.000256054, 0.766663, 0.0932204], 
              [0.070184, 0.92934, 0.000256054, 0.000220601], 
              [0.000220601, 0.99493, 0.000256054, 0.0045932], 
              [0.000220601, 0.786707, 0.0244843, 0.188588], 
              [0.0493149, 0.929721, 0.00143744, 0.0195269], 
              [0.0131428, 0.76479, 0.143019, 0.0790484], 
              [0.22804, 0.133184, 0.30723, 0.331547]
            ]
          }, {
            "db": 0,
            "id": "7-CAAGATGGC",
            "alt": "STREME-7",
            "len": 9,
            "nsites": 58,
            "evalue": "2.2e-001",
            "pwm": [
              [0.00113251, 0.864688, 0.133047, 0.00113251], 
              [0.952368, 0.00131036, 0.00131036, 0.045011], 
              [0.996246, 0.00131036, 0.00131036, 0.00113251], 
              [0.125863, 0.00131036, 0.84976, 0.0230676], 
              [0.996246, 0.00131036, 0.00131036, 0.00113251], 
              [0.00113251, 0.0671407, 0.145018, 0.786709], 
              [0.00113251, 0.00131036, 0.97449, 0.0230676], 
              [0.0230676, 0.0543123, 0.855658, 0.0669628], 
              [0.00113251, 0.959606, 0.00131036, 0.0379512]
            ]
          }, {
            "db": 0,
            "id": "8-GGTCACGTGABBS",
            "alt": "STREME-8",
            "len": 13,
            "nsites": 59,
            "evalue": "3.4e-001",
            "pwm": [
              [0.000913595, 0.0470107, 0.797919, 0.154156], 
              [0.0468865, 0.108308, 0.843892, 0.000913595], 
              [0.0315622, 0.108308, 0.0163621, 0.843768], 
              [0.000913595, 0.767258, 0.230914, 0.000913595], 
              [0.997011, 0.00103784, 0.00103784, 0.000913595], 
              [0.000913595, 0.920514, 0.00103784, 0.0775351], 
              [0.000913595, 0.00103784, 0.997135, 0.000913595], 
              [0.000913595, 0.00103784, 0.00103784, 0.997011], 
              [0.000913595, 0.230914, 0.767258, 0.000913595], 
              [0.767146, 0.0163621, 0.184929, 0.0315622], 
              [0.0162379, 0.430124, 0.246226, 0.307412], 
              [0.0928652, 0.230914, 0.430119, 0.246103], 
              [0.138832, 0.414806, 0.307524, 0.138838]
            ]
          }
        ],
        "targets": [
          {
            "db": 0,
            "id": "MA0004.1",
            "alt": "Arnt",
            "len": 6,
            "nsites": 20,
            "url": "http://jaspar2018.genereg.net/matrix/MA0004.1",
            "pwm": [
              [0.200249, 0.797264, 0.00124378, 0.00124378], 
              [0.946517, 0.00124378, 0.050995, 0.00124378], 
              [0.00124378, 0.996269, 0.00124378, 0.00124378], 
              [0.00124378, 0.00124378, 0.996269, 0.00124378], 
              [0.00124378, 0.00124378, 0.00124378, 0.996269], 
              [0.00124378, 0.00124378, 0.996269, 0.00124378]
            ]
          }, {
            "db": 0,
            "id": "MA0018.3",
            "alt": "CREB1",
            "len": 12,
            "nsites": 8874,
            "url": "http://jaspar2018.genereg.net/matrix/MA0018.3",
            "pwm": [
              [0.218053, 0.21963, 0.325444, 0.236872], 
              [0.315302, 0.233829, 0.369505, 0.0813629], 
              [0.0235546, 0.0240055, 0.0196106, 0.93283], 
              [0.0143137, 0.0251325, 0.935647, 0.0249065], 
              [0.939478, 0.0107077, 0.0329074, 0.0169056], 
              [0.0236676, 0.805268, 0.0625441, 0.108521], 
              [0.108521, 0.0625441, 0.805268, 0.0236676], 
              [0.0169056, 0.0329074, 0.0107077, 0.939478], 
              [0.0249065, 0.935647, 0.0251325, 0.0143137], 
              [0.93283, 0.0196106, 0.0240055, 0.0235546], 
              [0.0813629, 0.369505, 0.233829, 0.315302], 
              [0.236872, 0.325444, 0.21963, 0.218053]
            ]
          }, {
            "db": 0,
            "id": "MA0026.1",
            "alt": "Eip74EF",
            "len": 7,
            "nsites": 17,
            "url": "http://jaspar2018.genereg.net/matrix/MA0026.1",
            "pwm": [
              [0.118421, 0.703216, 0.118421, 0.059942], 
              [0.29386, 0.703216, 0.00146199, 0.00146199], 
              [0.00146199, 0.00146199, 0.995614, 0.00146199], 
              [0.00146199, 0.00146199, 0.995614, 0.00146199], 
              [0.995614, 0.00146199, 0.00146199, 0.00146199], 
              [0.995614, 0.00146199, 0.00146199, 0.00146199], 
              [0.29386, 0.059942, 0.586257, 0.059942]
            ]
          }, {
            "db": 0,
            "id": "MA0028.2",
            "alt": "ELK1",
            "len": 10,
            "nsites": 67234,
            "url": "http://jaspar2018.genereg.net/matrix/MA0028.2",
            "pwm": [
              [0.681306, 0.0409023, 0.192745, 0.0850462], 
              [0.0249703, 0.939861, 0.0303253, 0.00484236], 
              [0.00776336, 0.990506, 0.00127637, 0.000454371], 
              [3.71835e-07, 0.000458371, 0.998974, 0.000567371], 
              [8.63717e-05, 0.000880371, 0.983721, 0.0153123], 
              [0.993062, 0.00505136, 0.00134437, 0.000542371], 
              [0.94711, 0.00688536, 0.00124137, 0.0447643], 
              [0.0585883, 0.0458643, 0.889835, 0.00571136], 
              [0.0169143, 0.116499, 0.0207373, 0.845849], 
              [0.289781, 0.145676, 0.377082, 0.18746]
            ]
          }, {
            "db": 0,
            "id": "MA0029.1",
            "alt": "Mecom",
            "len": 14,
            "nsites": 27,
            "url": "http://jaspar2018.genereg.net/matrix/MA0029.1",
            "pwm": [
              [0.517528, 0.0747232, 0.222325, 0.185424], 
              [0.73893, 0.0378228, 0.0747232, 0.148524], 
              [0.000922509, 0.0378228, 0.923432, 0.0378228], 
              [0.997232, 0.000922509, 0.000922509, 0.000922509], 
              [0.0378228, 0.369926, 0.000922509, 0.591329], 
              [0.997232, 0.000922509, 0.000922509, 0.000922509], 
              [0.960332, 0.000922509, 0.0378228, 0.000922509], 
              [0.000922509, 0.000922509, 0.997232, 0.000922509], 
              [0.997232, 0.000922509, 0.000922509, 0.000922509], 
              [0.000922509, 0.111624, 0.000922509, 0.886531], 
              [0.886531, 0.0378228, 0.000922509, 0.0747232], 
              [0.849631, 0.000922509, 0.148524, 0.000922509], 
              [0.222325, 0.259225, 0.259225, 0.259225], 
              [0.554428, 0.222325, 0.111624, 0.111624]
            ]
          }, {
            "db": 0,
            "id": "MA0035.3",
            "alt": "Gata1",
            "len": 11,
            "nsites": 17955,
            "url": "http://jaspar2018.genereg.net/matrix/MA0035.3",
            "pwm": [
              [0.11334, 0.240657, 0.140909, 0.505095], 
              [0.0281832, 0.35678, 0.155501, 0.459537], 
              [1.39236e-06, 0.828123, 0.0243403, 0.147537], 
              [1.39236e-06, 0.0388202, 1.39236e-06, 0.961177], 
              [1.39236e-06, 1.39236e-06, 1.39236e-06, 0.999996], 
              [0.999996, 1.39236e-06, 1.39236e-06, 1.39236e-06], 
              [1.39236e-06, 1.39236e-06, 1.39236e-06, 0.999996], 
              [1.39236e-06, 0.999996, 1.39236e-06, 1.39236e-06], 
              [0.120636, 1.39236e-06, 1.39236e-06, 0.879361], 
              [0.139349, 0.343413, 0.37243, 0.144807], 
              [0.105041, 0.282484, 0.0890009, 0.523473]
            ]
          }, {
            "db": 0,
            "id": "MA0036.3",
            "alt": "GATA2",
            "len": 11,
            "nsites": 14213,
            "url": "http://jaspar2018.genereg.net/matrix/MA0036.3",
            "pwm": [
              [0.232393, 0.209526, 0.225216, 0.332863], 
              [0.139732, 0.288398, 0.208682, 0.363188], 
              [0.0661383, 0.746286, 0.0860492, 0.101528], 
              [0.0312405, 0.0182246, 0.0105557, 0.93998], 
              [0.0293406, 0.00239374, 0.00147975, 0.966786], 
              [0.991904, 0.000986752, 0.00302674, 0.00408273], 
              [0.0102037, 0.00541972, 0.00337874, 0.980998], 
              [0.00675571, 0.969952, 0.0088667, 0.0144247], 
              [0.166961, 0.0346175, 0.0258226, 0.772599], 
              [0.204883, 0.26131, 0.257229, 0.276578], 
              [0.230634, 0.272567, 0.155915, 0.340884]
            ]
          }, {
            "db": 0,
            "id": "MA0037.3",
            "alt": "GATA3",
            "len": 8,
            "nsites": 1000,
            "url": "http://jaspar2018.genereg.net/matrix/MA0037.3",
            "pwm": [
              [0.501975, 0.226002, 0.0010249, 0.270998], 
              [2.49975e-05, 2.49975e-05, 0.999925, 2.49975e-05], 
              [0.999925, 2.49975e-05, 2.49975e-05, 2.49975e-05], 
              [2.49975e-05, 2.49975e-05, 2.49975e-05, 0.999925], 
              [0.914849, 0.0020268, 2.49975e-05, 0.0830997], 
              [0.861939, 0.0150235, 0.0760174, 0.0470203], 
              [0.114014, 0.300995, 0.475977, 0.109014], 
              [0.422983, 0.188006, 0.320993, 0.0680182]
            ]
          }, {
            "db": 0,
            "id": "MA0058.3",
            "alt": "MAX",
            "len": 10,
            "nsites": 6877,
            "url": "http://jaspar2018.genereg.net/matrix/MA0058.3",
            "pwm": [
              [0.480875, 0.226261, 0.18831, 0.104553], 
              [0.278545, 0.40858, 0.220218, 0.0926573], 
              [0.00564355, 0.994349, 3.63525e-06, 3.63525e-06], 
              [0.982134, 3.63525e-06, 0.0124305, 0.00543156], 
              [3.63525e-06, 0.966807, 0.000987621, 0.0322022], 
              [0.045301, 0.00537356, 0.946706, 0.0026196], 
              [0.00968949, 0.0223223, 0.00281059, 0.965178], 
              [3.63525e-06, 0.00389458, 0.99091, 0.00519156], 
              [0.195056, 0.356362, 0.238255, 0.210328], 
              [0.163177, 0.323588, 0.143399, 0.369835]
            ]
          }, {
            "db": 0,
            "id": "MA0062.2",
            "alt": "Gabpa",
            "len": 11,
            "nsites": 989,
            "url": "http://jaspar2018.genereg.net/matrix/MA0062.2",
            "pwm": [
              [0.032378, 0.776489, 0.190097, 0.00103617], 
              [0.0707971, 0.924098, 0.00406887, 0.00103617], 
              [2.52755e-05, 2.52755e-05, 0.998915, 0.00103417], 
              [2.52755e-05, 2.52755e-05, 0.999924, 2.52755e-05], 
              [0.99791, 0.00103217, 0.00103217, 2.52755e-05], 
              [0.995897, 0.00203907, 2.52755e-05, 0.00203907], 
              [0.0947737, 0.03228, 0.872921, 2.52755e-05], 
              [0.0565286, 0.263369, 0.0373575, 0.642745], 
              [0.155566, 0.138395, 0.609055, 0.0969855], 
              [0.266665, 0.264645, 0.419175, 0.0495153], 
              [0.235355, 0.360595, 0.226265, 0.177785]
            ]
          }, {
            "db": 0,
            "id": "MA0076.2",
            "alt": "ELK4",
            "len": 11,
            "nsites": 3427,
            "url": "http://jaspar2018.genereg.net/matrix/MA0076.2",
            "pwm": [
              [0.0869618, 0.42544, 0.258535, 0.229064], 
              [0.114098, 0.555871, 0.166328, 0.163703], 
              [0.593512, 0.0423171, 0.302887, 0.0612835], 
              [7.2948e-06, 0.784343, 0.00467616, 0.210973], 
              [0.00234123, 7.2948e-06, 7.2948e-06, 0.997644], 
              [7.2948e-06, 7.2948e-06, 7.2948e-06, 0.999978], 
              [7.2948e-06, 0.999978, 7.2948e-06, 7.2948e-06], 
              [7.2948e-06, 0.999978, 7.2948e-06, 7.2948e-06], 
              [7.2948e-06, 7.2948e-06, 0.85058, 0.149405], 
              [7.2948e-06, 0.146195, 0.829572, 0.0242256], 
              [0.0846268, 0.365623, 0.194925, 0.354826]
            ]
          }, {
            "db": 0,
            "id": "MA0079.3",
            "alt": "SP1",
            "len": 11,
            "nsites": 8734,
            "url": "http://jaspar2018.genereg.net/matrix/MA0079.3",
            "pwm": [
              [0.0981237, 0.204489, 0.489005, 0.208381], 
              [2.86234e-06, 0.711582, 0.073508, 0.214907], 
              [0.0113377, 0.767454, 2.86234e-06, 0.221204], 
              [2.86234e-06, 0.999991, 2.86234e-06, 2.86234e-06], 
              [2.86234e-06, 0.991634, 2.86234e-06, 0.00836077], 
              [0.1556, 2.86234e-06, 0.529422, 0.314975], 
              [2.86234e-06, 0.999991, 2.86234e-06, 2.86234e-06], 
              [2.86234e-06, 0.999991, 2.86234e-06, 2.86234e-06], 
              [2.86234e-06, 0.764707, 2.86234e-06, 0.235287], 
              [0.120679, 0.72784, 2.86234e-06, 0.151478], 
              [0.074653, 0.568922, 0.0840409, 0.272384]
            ]
          }, {
            "db": 0,
            "id": "MA0080.4",
            "alt": "SPI1",
            "len": 14,
            "nsites": 6119,
            "url": "http://jaspar2018.genereg.net/matrix/MA0080.4",
            "pwm": [
              [0.644871, 0.0907036, 0.186633, 0.0777928], 
              [0.911177, 0.00476501, 0.069038, 0.0150198], 
              [0.992134, 0.000397079, 0.00157506, 0.00589399], 
              [0.980739, 4.08557e-06, 4.08557e-06, 0.0192528], 
              [0.899638, 0.000743073, 0.00277604, 0.0968425], 
              [0.00882994, 0.0443114, 0.946495, 0.00036408], 
              [0.27212, 0.617387, 0.110337, 0.000156083], 
              [0.005443, 0.000192082, 0.993986, 0.000379079], 
              [4.08557e-06, 0.000192082, 0.9998, 4.08557e-06], 
              [0.999401, 0.000396079, 4.08557e-06, 0.000200082], 
              [0.998623, 0.000199082, 0.000199082, 0.00097907], 
              [4.08557e-06, 0.0338835, 0.965924, 0.000188083], 
              [0.00415102, 0.0136299, 0.00237405, 0.979846], 
              [0.507504, 0.0576611, 0.146749, 0.288087]
            ]
          }, {
            "db": 0,
            "id": "MA0089.1",
            "alt": "MAFG::NFE2L1",
            "len": 6,
            "nsites": 34,
            "url": "http://jaspar2018.genereg.net/matrix/MA0089.1",
            "pwm": [
              [0.206011, 0.323313, 0.293989, 0.176687], 
              [0.851173, 0.0593846, 0.0887094, 0.000733138], 
              [0.000733138, 0.000733138, 0.000733138, 0.997801], 
              [0.0300589, 0.000733138, 0.939149, 0.0300589], 
              [0.997801, 0.000733138, 0.000733138, 0.000733138], 
              [0.000733138, 0.763197, 0.0593846, 0.176687]
            ]
          }, {
            "db": 0,
            "id": "MA0093.2",
            "alt": "USF1",
            "len": 11,
            "nsites": 16842,
            "url": "http://jaspar2018.genereg.net/matrix/MA0093.2",
            "pwm": [
              [0.287733, 0.223489, 0.425245, 0.0635331], 
              [0.087402, 0.442227, 0.177117, 0.293255], 
              [0.00255447, 0.997443, 1.48438e-06, 1.48438e-06], 
              [0.984024, 1.48438e-06, 1.48438e-06, 0.0159734], 
              [0.0111644, 0.610317, 0.0553392, 0.32318], 
              [0.0952979, 0.0353293, 0.86937, 1.48438e-06], 
              [1.48438e-06, 1.48438e-06, 1.48438e-06, 0.999996], 
              [1.48438e-06, 1.48438e-06, 0.999996, 1.48438e-06], 
              [0.876495, 1.48438e-06, 0.081642, 0.0418612], 
              [1.48438e-06, 0.781733, 1.48438e-06, 0.218264], 
              [0.108124, 0.589358, 0.0660861, 0.236433]
            ]
          }, {
            "db": 0,
            "id": "MA0095.2",
            "alt": "YY1",
            "len": 12,
            "nsites": 7171,
            "url": "http://jaspar2018.genereg.net/matrix/MA0095.2",
            "pwm": [
              [0.157022, 0.639097, 0.111702, 0.0921792], 
              [0.972658, 3.48622e-06, 0.0252441, 0.00209546], 
              [0.940026, 0.0138093, 0.037376, 0.00878836], 
              [0.349462, 0.155767, 0.457674, 0.037097], 
              [0.99999, 3.48622e-06, 3.48622e-06, 3.48622e-06], 
              [3.48622e-06, 0.00167646, 3.48622e-06, 0.998317], 
              [0.00153746, 3.48622e-06, 0.998456, 3.48622e-06], 
              [0.00181646, 3.48622e-06, 0.998177, 3.48622e-06], 
              [0.113236, 0.786076, 0.00530241, 0.0953862], 
              [0.120906, 0.234416, 0.385579, 0.259099], 
              [0.125368, 0.122021, 0.649136, 0.103474], 
              [0.185749, 0.637005, 0.0545277, 0.122718]
            ]
          }, {
            "db": 0,
            "id": "MA0097.1",
            "alt": "bZIP911",
            "len": 12,
            "nsites": 33,
            "url": "http://jaspar2018.genereg.net/matrix/MA0097.1",
            "pwm": [
              [0.0309667, 0.000755287, 0.937311, 0.0309667], 
              [0.514351, 0.000755287, 0.484138, 0.000755287], 
              [0.000755287, 0.000755287, 0.000755287, 0.997734], 
              [0.000755287, 0.000755287, 0.997734, 0.000755287], 
              [0.997734, 0.000755287, 0.000755287, 0.000755287], 
              [0.000755287, 0.997734, 0.000755287, 0.000755287], 
              [0.000755287, 0.000755287, 0.997734, 0.000755287], 
              [0.000755287, 0.000755287, 0.000755287, 0.997734], 
              [0.000755287, 0.0309667, 0.967523, 0.000755287], 
              [0.0309667, 0.000755287, 0.665408, 0.30287], 
              [0.333081, 0.604985, 0.0309667, 0.0309667], 
              [0.0309667, 0.967523, 0.000755287, 0.000755287]
            ]
          }, {
            "db": 0,
            "id": "MA0098.3",
            "alt": "ETS1",
            "len": 10,
            "nsites": 3774,
            "url": "http://jaspar2018.genereg.net/matrix/MA0098.3",
            "pwm": [
              [0.710905, 0.0556491, 0.169583, 0.0638629], 
              [0.0565731, 0.843164, 0.0933422, 0.00692044], 
              [0.13644, 0.8613, 0.00225356, 6.6241e-06], 
              [6.6241e-06, 0.00777242, 0.992214, 6.6241e-06], 
              [6.6241e-06, 6.6241e-06, 0.995527, 0.00445951], 
              [0.99998, 6.6241e-06, 6.6241e-06, 6.6241e-06], 
              [0.738698, 0.00248456, 0.0085414, 0.250275], 
              [0.405889, 0.00774142, 0.581943, 0.00442651], 
              [0.0307488, 0.245941, 0.0428375, 0.680473], 
              [0.299291, 0.149463, 0.403649, 0.147599]
            ]
          }, {
            "db": 0,
            "id": "MA0099.3",
            "alt": "FOS::JUN",
            "len": 10,
            "nsites": 1000,
            "url": "http://jaspar2018.genereg.net/matrix/MA0099.3",
            "pwm": [
              [0.591966, 0.111014, 0.256999, 0.040021], 
              [0.0030247, 0.0050245, 0.0020248, 0.989926], 
              [0.0070243, 0.0010249, 0.823943, 0.168008], 
              [0.819943, 0.131012, 0.0040246, 0.0450205], 
              [0.0780172, 0.180007, 0.687956, 0.0540196], 
              [0.0050245, 0.0020248, 0.0020248, 0.990926], 
              [0.030022, 0.962929, 0.0030247, 0.0040246], 
              [0.991926, 0.0020248, 0.0020248, 0.0040246], 
              [0.0240226, 0.312994, 0.0950155, 0.567968], 
              [0.276997, 0.396985, 0.164009, 0.162009]
            ]
          }, {
            "db": 0,
            "id": "MA0104.4",
            "alt": "MYCN",
            "len": 12,
            "nsites": 6984,
            "url": "http://jaspar2018.genereg.net/matrix/MA0104.4",
            "pwm": [
              [0.213059, 0.271191, 0.351374, 0.164377], 
              [0.248282, 0.221936, 0.372134, 0.157647], 
              [0.0687316, 0.764741, 0.106388, 0.0601397], 
              [0.00487151, 0.992114, 0.00200855, 0.00100557], 
              [0.911933, 0.00802146, 0.040811, 0.039236], 
              [0.00315353, 0.933123, 0.0174713, 0.0462519], 
              [0.0462519, 0.0174713, 0.933123, 0.00315353], 
              [0.039236, 0.040811, 0.00802146, 0.911933], 
              [0.00100557, 0.00200855, 0.992114, 0.00487151], 
              [0.0601397, 0.106388, 0.764741, 0.0687316], 
              [0.157647, 0.372134, 0.221936, 0.248282], 
              [0.164377, 0.351374, 0.271191, 0.213059]
            ]
          }, {
            "db": 0,
            "id": "MA0128.1",
            "alt": "EmBP-1",
            "len": 8,
            "nsites": 13,
            "url": "http://jaspar2018.genereg.net/matrix/MA0128.1",
            "pwm": [
              [0.688932, 0.0019084, 0.0019084, 0.307252], 
              [0.0782442, 0.53626, 0.307252, 0.0782442], 
              [0.994275, 0.0019084, 0.0019084, 0.0019084], 
              [0.0019084, 0.917939, 0.0019084, 0.0782442], 
              [0.0019084, 0.0019084, 0.994275, 0.0019084], 
              [0.0019084, 0.0019084, 0.0019084, 0.994275], 
              [0.0019084, 0.0782442, 0.917939, 0.0019084], 
              [0.0019084, 0.0782442, 0.917939, 0.0019084]
            ]
          }, {
            "db": 0,
            "id": "MA0136.2",
            "alt": "ELF5",
            "len": 11,
            "nsites": 3762,
            "url": "http://jaspar2018.genereg.net/matrix/MA0136.2",
            "pwm": [
              [0.642202, 0.0669909, 0.0800155, 0.210793], 
              [0.228653, 0.430332, 0.178841, 0.162174], 
              [0.205498, 0.510715, 0.263585, 0.0202021], 
              [0.335093, 0.581007, 0.0710228, 0.0128773], 
              [0.000907621, 6.64522e-06, 0.993073, 0.00601249], 
              [0.00150161, 6.64522e-06, 0.991011, 0.00748045], 
              [0.994087, 0.00405854, 0.000374635, 0.00147961], 
              [0.896324, 0.0206701, 6.64522e-06, 0.0829994], 
              [0.223282, 0.0388916, 0.716747, 0.0210801], 
              [0.120003, 0.180128, 0.0784956, 0.621374], 
              [0.348091, 0.134667, 0.276587, 0.240653]
            ]
          }, {
            "db": 0,
            "id": "MA0139.1",
            "alt": "CTCF",
            "len": 19,
            "nsites": 913,
            "url": "http://jaspar2018.genereg.net/matrix/MA0139.1",
            "pwm": [
              [0.0953069, 0.318721, 0.0832603, 0.50271], 
              [0.18292, 0.158827, 0.453428, 0.204824], 
              [0.307771, 0.0536905, 0.491759, 0.14678], 
              [0.0613567, 0.876163, 0.0230259, 0.0394531], 
              [0.00878842, 0.988966, 2.73793e-05, 0.00221814], 
              [0.814834, 0.0142648, 0.0712136, 0.0996875], 
              [0.0438346, 0.578277, 0.365814, 0.0120741], 
              [0.11734, 0.474756, 0.0526536, 0.355251], 
              [0.933039, 0.0120871, 0.0351115, 0.0197622], 
              [0.00551478, 2.73793e-05, 0.991137, 0.00332002], 
              [0.365519, 0.00332002, 0.621254, 0.0099053], 
              [0.0592969, 0.0131979, 0.553205, 0.3743], 
              [0.0132129, 2.73793e-05, 0.977942, 0.00881742], 
              [0.0615586, 0.00881742, 0.851582, 0.0780408], 
              [0.114426, 0.80632, 0.00552778, 0.0737263], 
              [0.409224, 0.0143268, 0.557722, 0.0187273], 
              [0.0903255, 0.530806, 0.338096, 0.0407719], 
              [0.128868, 0.354615, 0.0804146, 0.436103], 
              [0.44271, 0.199345, 0.292947, 0.0649983]
            ]
          }, {
            "db": 0,
            "id": "MA0147.3",
            "alt": "MYC",
            "len": 12,
            "nsites": 4942,
            "url": "http://jaspar2018.genereg.net/matrix/MA0147.3",
            "pwm": [
              [0.210037, 0.272157, 0.333669, 0.184137], 
              [0.206193, 0.260421, 0.355522, 0.177864], 
              [0.0886313, 0.757983, 0.0955111, 0.0578749], 
              [0.00890788, 0.979346, 0.00627793, 0.00546795], 
              [0.930783, 0.0119428, 0.0344034, 0.0228696], 
              [0.0109318, 0.915608, 0.0141688, 0.0592919], 
              [0.0342014, 0.0317734, 0.926332, 0.0076939], 
              [0.0119428, 0.0327844, 0.0127528, 0.942519], 
              [0.00465896, 0.0113358, 0.974692, 0.00931287], 
              [0.0847863, 0.566769, 0.242412, 0.106033], 
              [0.194457, 0.308376, 0.209633, 0.287534], 
              [0.152774, 0.361188, 0.272764, 0.213275]
            ]
          }, {
            "db": 0,
            "id": "MA0150.2",
            "alt": "Nfe2l2",
            "len": 15,
            "nsites": 726,
            "url": "http://jaspar2018.genereg.net/matrix/MA0150.2",
            "pwm": [
              [0.228653, 0.465535, 0.150152, 0.15566], 
              [0.5523, 0.107458, 0.219012, 0.12123], 
              [0.162546, 0.32919, 0.37877, 0.129494], 
              [0.27961, 0.340208, 0.209372, 0.17081], 
              [0.672118, 0.0385961, 0.282365, 0.00692048], 
              [3.44305e-05, 3.44305e-05, 3.44305e-05, 0.999897], 
              [3.44305e-05, 3.44305e-05, 0.979239, 0.0206926], 
              [0.999897, 3.44305e-05, 3.44305e-05, 3.44305e-05], 
              [0.0275786, 0.734093, 0.162546, 0.075782], 
              [0.11572, 0.0275786, 0.0220704, 0.83463], 
              [0.0895541, 0.756128, 0.0633867, 0.0909309], 
              [0.794691, 0.00416586, 0.123984, 0.0771588], 
              [0.0138065, 0.0151843, 0.961335, 0.0096751], 
              [0.00554367, 0.962712, 0.0262018, 0.00554367], 
              [0.858043, 0.0358425, 0.0427285, 0.0633867]
            ]
          }, {
            "db": 0,
            "id": "MA0156.2",
            "alt": "FEV",
            "len": 10,
            "nsites": 11007,
            "url": "http://jaspar2018.genereg.net/matrix/MA0156.2",
            "pwm": [
              [0.658577, 0.0521508, 0.141275, 0.147998], 
              [0.124268, 0.773222, 0.0765886, 0.025922], 
              [0.0775566, 0.915619, 0.00644421, 0.000381268], 
              [0.00179225, 2.27126e-06, 0.997928, 0.000277269], 
              [0.000277269, 0.00014027, 0.99834, 0.00124126], 
              [0.995598, 0.00151326, 0.000414268, 0.00247425], 
              [0.754706, 0.0160351, 0.000627266, 0.228631], 
              [0.300952, 0.033199, 0.657502, 0.0083472], 
              [0.0437979, 0.179622, 0.0615527, 0.715029], 
              [0.294426, 0.187363, 0.311395, 0.206816]
            ]
          }, {
            "db": 0,
            "id": "MA0272.1",
            "alt": "ARG81",
            "len": 8,
            "nsites": 198,
            "url": "http://jaspar2018.genereg.net/matrix/MA0272.1",
            "pwm": [
              [0.297956, 0.0607016, 0.419107, 0.222236], 
              [0.0366927, 0.000126199, 0.0245039, 0.938676], 
              [0.0773072, 0.000126199, 0.92244, 0.000126199], 
              [0.999621, 0.000126199, 0.000126199, 0.000126199], 
              [0.000126199, 0.995947, 0.000126199, 0.00380034], 
              [0.00618414, 0.000126199, 0.000126199, 0.993563], 
              [0.000126199, 0.999621, 0.000126199, 0.000126199], 
              [0.31717, 0.31717, 0.0216203, 0.344039]
            ]
          }, {
            "db": 0,
            "id": "MA0281.1",
            "alt": "CBF1",
            "len": 8,
            "nsites": 99,
            "url": "http://jaspar2018.genereg.net/matrix/MA0281.1",
            "pwm": [
              [0.191978, 0.0809787, 0.535066, 0.191978], 
              [0.0299253, 0.910224, 0.0299253, 0.0299253], 
              [0.999243, 0.00025227, 0.00025227, 0.00025227], 
              [0.00025227, 0.999243, 0.00025227, 0.00025227], 
              [0.00025227, 0.00025227, 0.999243, 0.00025227], 
              [0.00025227, 0.00025227, 0.00025227, 0.999243], 
              [0.00025227, 0.00025227, 0.999243, 0.00025227], 
              [0.712404, 0.168399, 0.0595983, 0.0595983]
            ]
          }, {
            "db": 0,
            "id": "MA0286.1",
            "alt": "CST6",
            "len": 9,
            "nsites": 101,
            "url": "http://jaspar2018.genereg.net/matrix/MA0286.1",
            "pwm": [
              [0.465134, 0.109051, 0.316766, 0.109051], 
              [0.0103383, 0.0103383, 0.0103383, 0.968985], 
              [0.0102374, 0.0102374, 0.909347, 0.070178], 
              [0.999258, 0.00024728, 0.00024728, 0.00024728], 
              [0.00024728, 0.999258, 0.00024728, 0.00024728], 
              [0.0501978, 0.00024728, 0.949308, 0.00024728], 
              [0.00024728, 0.00024728, 0.00024728, 0.999258], 
              [0.454343, 0.282796, 0.0809754, 0.181885], 
              [0.459792, 0.140109, 0.200049, 0.200049]
            ]
          }, {
            "db": 0,
            "id": "MA0289.1",
            "alt": "DAL80",
            "len": 7,
            "nsites": 101,
            "url": "http://jaspar2018.genereg.net/matrix/MA0289.1",
            "pwm": [
              [0.109051, 0.662957, 0.0595945, 0.168398], 
              [0.00024728, 0.00024728, 0.999258, 0.00024728], 
              [0.999258, 0.00024728, 0.00024728, 0.00024728], 
              [0.00024728, 0.00024728, 0.00024728, 0.999258], 
              [0.999258, 0.00024728, 0.00024728, 0.00024728], 
              [0.908439, 0.0103383, 0.0103383, 0.0708843], 
              [0.0302176, 0.190059, 0.749505, 0.0302176]
            ]
          }, {
            "db": 0,
            "id": "MA0300.1",
            "alt": "GAT1",
            "len": 8,
            "nsites": 101,
            "url": "http://jaspar2018.genereg.net/matrix/MA0300.1",
            "pwm": [
              [0.128833, 0.43546, 0.18818, 0.247527], 
              [0.170079, 0.419832, 0.0501978, 0.359891], 
              [0.00024728, 0.00024728, 0.999258, 0.00024728], 
              [0.999258, 0.00024728, 0.00024728, 0.00024728], 
              [0.00024728, 0.00024728, 0.00024728, 0.999258], 
              [0.999258, 0.00024728, 0.00024728, 0.00024728], 
              [0.999258, 0.00024728, 0.00024728, 0.00024728], 
              [0.0305203, 0.0910664, 0.847893, 0.0305203]
            ]
          }, {
            "db": 0,
            "id": "MA0303.1",
            "alt": "GCN4",
            "len": 21,
            "nsites": 998,
            "url": "http://jaspar2018.genereg.net/matrix/MA0303.1",
            "pwm": [
              [0.21844, 0.295586, 0.245491, 0.240482], 
              [0.371731, 0.217438, 0.268535, 0.142296], 
              [0.362714, 0.213431, 0.150311, 0.273545], 
              [0.282562, 0.119251, 0.325643, 0.272543], 
              [0.275548, 0.177362, 0.316626, 0.230463], 
              [0.169177, 0.140151, 0.365353, 0.325317], 
              [0.536043, 0.0350915, 0.413812, 0.0150535], 
              [0.0110459, 0.00804024, 0.00603645, 0.974877], 
              [0.00202885, 0.00503455, 0.935803, 0.0571333], 
              [0.969868, 0.0130497, 0.00403265, 0.0130497], 
              [0.00202885, 0.43385, 0.563095, 0.00102695], 
              [0.0130497, 0.00403265, 0.0130497, 0.969868], 
              [0.0571333, 0.935803, 0.00503455, 0.00202885], 
              [0.974877, 0.00603645, 0.00804024, 0.0110459], 
              [0.0150535, 0.413812, 0.0350915, 0.536043], 
              [0.376363, 0.290286, 0.131143, 0.202207], 
              [0.207211, 0.354344, 0.1942, 0.244245], 
              [0.284566, 0.216436, 0.20241, 0.296588], 
              [0.226455, 0.234471, 0.177362, 0.361712], 
              [0.254509, 0.329651, 0.232467, 0.183374], 
              [0.337666, 0.169347, 0.195396, 0.29759]
            ]
          }, {
            "db": 0,
            "id": "MA0305.1",
            "alt": "GCR2",
            "len": 7,
            "nsites": 231,
            "url": "http://jaspar2018.genereg.net/matrix/MA0305.1",
            "pwm": [
              [0.142903, 0.142903, 0.644851, 0.0693422], 
              [0.000108178, 0.999675, 0.000108178, 0.000108178], 
              [0.0671522, 0.000108178, 0.00620354, 0.926536], 
              [0.000108178, 0.000108178, 0.000108178, 0.999675], 
              [0.000108178, 0.969837, 0.000108178, 0.0299463], 
