<!DOCTYPE HTML>
<html>
  <head>
    <meta charset="UTF-8">
    <title>AME Results</title>
    <script type="text/javascript">
      //@JSON_VAR data
      var data = {
        "version": "5.5.4",
        "revision": "be1989929ecae212f5524b93c506a8bd084bec30",
        "release": "Fri Jun 16 12:19:08 2023 -0700",
        "program": "AME",
        "cmd": [
          "ame", "-oc", "ame_example_output_files", "-control", "--shuffle--",
          "-scoring", "avg", "-method", "fisher", "Klf1.fna",
          "JASPAR2018_CORE_non-redundant.meme"
        ],
        "options": {
          "scoring": "avg_odds",
          "positive_list": "FASTA",
          "pvalue_method": "Fisher's exact test",
          "pseudocount": 0.1,
          "fisher_fasta_threshold": 0.001,
          "hit_lo_fraction": 0.25,
          "evalue_report_threshold": 10,
          "noseq": false,
          "log_fscores": false,
          "log_pwmscores": false,
          "linreg_switchxy": true,
          "fix_partition": true,
          "partition": "number of primary sequences",
          "kmer": 2
        },
        "motif_dbs": [
          {
            "source": "JASPAR2018_CORE_non-redundant.meme",
            "count": 1404
          }
        ],
        "alphabet": {
          "name": "DNA",
          "like": "dna",
          "ncore": 4,
          "symbols": [
            {
              "symbol": "A",
              "name": "Adenine",
              "colour": "CC0000",
              "complement": "T"
            }, {
              "symbol": "C",
              "name": "Cytosine",
              "colour": "0000CC",
              "complement": "G"
            }, {
              "symbol": "G",
              "name": "Guanine",
              "colour": "FFB300",
              "complement": "C"
            }, {
              "symbol": "T",
              "aliases": "U",
              "name": "Thymine",
              "colour": "008000",
              "complement": "A"
            }, {
              "symbol": "N",
              "aliases": "X.",
              "name": "Any base",
              "equals": "ACGT"
            }, {
              "symbol": "V",
              "name": "Not T",
              "equals": "ACG"
            }, {
              "symbol": "H",
              "name": "Not G",
              "equals": "ACT"
            }, {
              "symbol": "D",
              "name": "Not C",
              "equals": "AGT"
            }, {
              "symbol": "B",
              "name": "Not A",
              "equals": "CGT"
            }, {
              "symbol": "M",
              "name": "Amino",
              "equals": "AC"
            }, {
              "symbol": "R",
              "name": "Purine",
              "equals": "AG"
            }, {
              "symbol": "W",
              "name": "Weak",
              "equals": "AT"
            }, {
              "symbol": "S",
              "name": "Strong",
              "equals": "CG"
            }, {
              "symbol": "Y",
              "name": "Pyrimidine",
              "equals": "CT"
            }, {
              "symbol": "K",
              "name": "Keto",
              "equals": "GT"
            }
          ]
        },
        "background": {
          "source": "--sequences--",
          "file": "Klf1.fna",
          "frequencies": [0.256039, 0.243961, 0.243961, 0.256039]
        },
        "sequence_db": {
          "source": "Klf1.fna",
          "count": 904,
          "skipped": 0,
          "fasta_scores": false
        },
        "control_db": {
          "source": "--shuffle--",
          "count": 1808,
          "skipped": 0
        },
        "min_sequence_score": 2.2768e-30,
        "max_sequence_score": 79475.3,
        "max_median_sequence_score": 1.43872,
        "motifs": [
          {
            "db": 0,
            "id": "MA0493.1",
            "alt": "Klf1",
            "len": 11,
            "motif_evalue": 0,
            "motif_nsites": 526,
            "url": "http://jaspar2018.genereg.net/matrix/MA0493.1",
            "pwm": [
              [0.285165, 0.144506, 0.384003, 0.186325], 
              [0.317478, 0.0760779, 0.579784, 0.0266596], 
              [0.1274, 0.752755, 0.0608718, 0.0589725], 
              [0.024759, 0.876306, 4.63716e-05, 0.0988889], 
              [0.767964, 0.224339, 4.63716e-05, 0.00765222], 
              [4.86673e-05, 0.999856, 4.63716e-05, 4.86673e-05], 
              [0.76036, 4.63716e-05, 0.184422, 0.0551712], 
              [4.86673e-05, 0.999856, 4.63716e-05, 4.86673e-05], 
              [4.86673e-05, 0.999856, 4.63716e-05, 4.86673e-05], 
              [4.86673e-05, 0.965642, 4.63716e-05, 0.0342632], 
              [0.532266, 0.0665737, 4.63716e-05, 0.401113]
            ],
            "pos": 904,
            "neg": 1808,
            "tp": 410,
            "fp": 112,
            "positive_thresh": 904,
            "true_positive_thresh": 3.37733,
            "number_of_tests": 771,
            "corrected_pvalue": "3.93e-123",
            "evalue": "5.52e-120"
          }, {
            "db": 0,
            "id": "MA1107.1",
            "alt": "KLF9",
            "len": 13,
            "motif_evalue": 0,
            "motif_nsites": 5754,
            "url": "http://jaspar2018.genereg.net/matrix/MA1107.1",
            "pwm": [
              [0.306916, 0.203164, 0.328814, 0.161107], 
              [0.165452, 0.251825, 0.494782, 0.0879419], 
              [0.215677, 0.675349, 0.0615252, 0.0474486], 
              [0.00417538, 0.983477, 0.00678212, 0.00556535], 
              [0.937249, 0.0425825, 0.012517, 0.00765132], 
              [0.00417538, 0.97722, 0.013734, 0.00487037], 
              [0.801868, 0.0205109, 0.15711, 0.0205111], 
              [0.00712933, 0.961232, 0.0215539, 0.0100843], 
              [0.0799471, 0.887893, 0.0168619, 0.0152982], 
              [0.00956328, 0.960016, 0.00921508, 0.0212071], 
              [0.61209, 0.238443, 0.0582232, 0.0912439], 
              [0.082033, 0.571075, 0.171012, 0.175879], 
              [0.210116, 0.382341, 0.150158, 0.257386]
            ],
            "pos": 904,
            "neg": 1808,
            "tp": 405,
            "fp": 170,
            "positive_thresh": 904,
            "true_positive_thresh": 1.63563,
            "number_of_tests": 726,
            "corrected_pvalue": "7.89e-93",
            "evalue": "1.11e-89"
          }, {
            "db": 0,
            "id": "MA0599.1",
            "alt": "KLF5",
            "len": 10,
            "motif_evalue": 0,
            "motif_nsites": 13611,
            "url": "http://jaspar2018.genereg.net/matrix/MA0599.1",
            "pwm": [
              [0.10499, 0.148631, 0.556313, 0.190067], 
              [1.8811e-06, 0.874288, 1.79237e-06, 0.125708], 
              [1.8811e-06, 0.882223, 1.79237e-06, 0.117773], 
              [0.255455, 0.703031, 1.79237e-06, 0.0415126], 
              [1.8811e-06, 0.999994, 1.79237e-06, 1.8811e-06], 
              [0.371096, 1.79237e-06, 0.38072, 0.248182], 
              [1.8811e-06, 0.999994, 1.79237e-06, 1.8811e-06], 
              [1.8811e-06, 0.999994, 1.79237e-06, 1.8811e-06], 
              [1.8811e-06, 0.965023, 1.79237e-06, 0.0349736], 
              [0.287635, 0.411064, 1.79237e-06, 0.3013]
            ],
            "pos": 904,
            "neg": 1808,
            "tp": 504,
            "fp": 329,
            "positive_thresh": 904,
            "true_positive_thresh": 1.51589,
            "number_of_tests": 938,
            "corrected_pvalue": "1.49e-83",
            "evalue": "2.10e-80"
          }, {
            "db": 0,
            "id": "MA0742.1",
            "alt": "Klf12",
            "len": 15,
            "motif_evalue": 0,
            "motif_nsites": 1585,
            "url": "http://jaspar2018.genereg.net/matrix/MA0742.1",
            "pwm": [
              [0.105373, 0.022096, 0.730568, 0.141963], 
              [0.505007, 0.0100608, 0.484917, 1.61529e-05], 
              [0.0270035, 0.94882, 0.0113787, 0.0127993], 
              [0.0072617, 0.970968, 0.0174053, 0.00436388], 
              [0.967075, 0.0306255, 0.00228325, 1.61529e-05], 
              [0.0130963, 0.981058, 1.53909e-05, 0.00582979], 
              [0.136084, 0.000648351, 0.853127, 0.0101425], 
              [1.61529e-05, 0.994164, 1.53909e-05, 0.00580479], 
              [1.61529e-05, 0.969734, 0.0123776, 0.017872], 
              [1.61529e-05, 0.982096, 1.53909e-05, 0.017872], 
              [0.404729, 0.118468, 1.53909e-05, 0.476788], 
              [0.248175, 0.228364, 0.103242, 0.420219], 
              [0.334414, 0.2595, 0.0912146, 0.314871], 
              [0.245362, 0.191756, 0.120627, 0.442256], 
              [0.284662, 0.220589, 0.148115, 0.346633]
            ],
            "pos": 904,
            "neg": 1808,
            "tp": 283,
            "fp": 69,
            "positive_thresh": 904,
            "true_positive_thresh": 1.04395,
            "number_of_tests": 353,
            "corrected_pvalue": "1.03e-82",
            "evalue": "1.45e-79"
          }, {
            "db": 0,
            "id": "MA0746.1",
            "alt": "SP3",
            "len": 11,
            "motif_evalue": 0,
            "motif_nsites": 18576,
            "url": "http://jaspar2018.genereg.net/matrix/MA0746.1",
            "pwm": [
              [0.223999, 0.300549, 0.355781, 0.119672], 
              [0.176351, 0.709803, 0.0423171, 0.071529], 
              [0.0855449, 0.838809, 0.0317311, 0.0439151], 
              [0.716824, 0.238364, 0.0267432, 0.0180703], 
              [0.0225973, 0.933339, 0.0120052, 0.0320592], 
              [0.261176, 0.0389091, 0.555376, 0.144539], 
              [0.0206713, 0.962005, 0.00553228, 0.0117913], 
              [0.0259432, 0.957822, 0.00768227, 0.00855233], 
              [0.00957233, 0.810917, 0.0150932, 0.164417], 
              [0.43348, 0.453751, 0.0234942, 0.0892749], 
              [0.127549, 0.558993, 0.0905028, 0.222955]
            ],
            "pos": 904,
            "neg": 1808,
            "tp": 459,
            "fp": 301,
            "positive_thresh": 904,
            "true_positive_thresh": 1.64166,
            "number_of_tests": 1060,
            "corrected_pvalue": "4.99e-72",
            "evalue": "7.01e-69"
          }, {
            "db": 0,
            "id": "MA0039.3",
            "alt": "KLF4",
            "len": 11,
            "motif_evalue": 0,
            "motif_nsites": 969,
            "url": "http://jaspar2018.genereg.net/matrix/MA0039.3",
            "pwm": [
              [0.270381, 0.496362, 0.130043, 0.103215], 
              [0.120757, 0.668687, 0.108373, 0.102183], 
              [0.953488, 0.0144717, 0.0185993, 0.013441], 
              [0.00828157, 0.978252, 0.00621654, 0.00724967], 
              [0.856491, 0.00208896, 0.126947, 0.0144729], 
              [0.013441, 0.943168, 0.0185993, 0.0247919], 
              [0.0299513, 0.938008, 0.0175674, 0.0144729], 
              [0.0155048, 0.962774, 0.00415275, 0.0175686], 
              [0.267285, 0.0743205, 0.040269, 0.618126], 
              [0.189893, 0.287921, 0.292049, 0.230137], 
              [0.23736, 0.304432, 0.208466, 0.249743]
            ],
            "pos": 904,
            "neg": 1808,
            "tp": 335,
            "fp": 148,
            "positive_thresh": 904,
            "true_positive_thresh": 2.86613,
            "number_of_tests": 835,
            "corrected_pvalue": "1.35e-69",
            "evalue": "1.89e-66"
          }, {
            "db": 0,
            "id": "MA0140.2",
            "alt": "GATA1::TAL1",
            "len": 18,
            "motif_evalue": 0,
            "motif_nsites": 4955,
            "url": "http://jaspar2018.genereg.net/matrix/MA0140.2",
            "pwm": [
              [0.224824, 0.411299, 0.195157, 0.16872], 
              [0.0415783, 0.162868, 0.0320933, 0.763461], 
              [0.0641819, 4.92344e-06, 4.92344e-06, 0.935808], 
              [0.999985, 4.92344e-06, 4.92344e-06, 5.16718e-06], 
              [5.16718e-06, 4.92344e-06, 4.92344e-06, 0.999985], 
              [5.16718e-06, 0.999985, 4.92344e-06, 5.16718e-06], 
              [0.413519, 0.0127187, 0.0111047, 0.562658], 
              [0.132797, 0.268618, 0.446817, 0.151768], 
              [0.19435, 0.245005, 0.25106, 0.309585], 
              [0.240363, 0.227447, 0.30676, 0.22543], 
              [0.358827, 0.228052, 0.199799, 0.213321], 
              [0.209486, 0.249647, 0.345508, 0.195359], 
              [0.272856, 0.230474, 0.295862, 0.200808], 
              [0.380421, 0.208477, 0.165491, 0.24561], 
              [0.278708, 0.249647, 0.380219, 0.0914263], 
              [0.0222047, 0.973143, 0.00464683, 5.16718e-06], 
              [0.940248, 4.92344e-06, 4.92344e-06, 0.059742], 
              [0.0322955, 0.179618, 0.715227, 0.0728597]
            ],
            "pos": 904,
            "neg": 1808,
            "tp": 204,
            "fp": 58,
            "positive_thresh": 904,
            "true_positive_thresh": 3.28413,
            "number_of_tests": 427,
            "corrected_pvalue": "3.38e-52",
            "evalue": "4.74e-49"
          }, {
            "db": 0,
            "id": "MA0036.3",
            "alt": "GATA2",
            "len": 11,
            "motif_evalue": 0,
            "motif_nsites": 14213,
            "url": "http://jaspar2018.genereg.net/matrix/MA0036.3",
            "pwm": [
              [0.232393, 0.209526, 0.225216, 0.332863], 
              [0.139732, 0.288398, 0.208682, 0.363188], 
              [0.0661383, 0.746285, 0.0860491, 0.101528], 
              [0.0312406, 0.0182246, 0.0105556, 0.93998], 
              [0.0293406, 0.0023937, 0.00147971, 0.966786], 
              [0.991904, 0.00098671, 0.0030267, 0.00408277], 
              [0.0102037, 0.00541968, 0.00337869, 0.980998], 
              [0.00675575, 0.969952, 0.00886665, 0.0144247], 
              [0.166961, 0.0346175, 0.0258225, 0.772599], 
              [0.204883, 0.26131, 0.257229, 0.276578], 
              [0.230634, 0.272567, 0.155915, 0.340884]
            ],
            "pos": 904,
            "neg": 1808,
            "tp": 375,
            "fp": 268,
            "positive_thresh": 904,
            "true_positive_thresh": 1.09904,
            "number_of_tests": 696,
            "corrected_pvalue": "2.32e-48",
            "evalue": "3.26e-45"
          }, {
            "db": 0,
            "id": "MA0037.3",
            "alt": "GATA3",
            "len": 8,
            "motif_evalue": 0,
            "motif_nsites": 1000,
            "url": "http://jaspar2018.genereg.net/matrix/MA0037.3",
            "pwm": [
              [0.501975, 0.226002, 0.00102429, 0.270999], 
              [2.56013e-05, 2.43937e-05, 0.999924, 2.56013e-05], 
              [0.999926, 2.43937e-05, 2.43937e-05, 2.56013e-05], 
              [2.56013e-05, 2.43937e-05, 2.43937e-05, 0.999926], 
              [0.914849, 0.00202619, 2.43937e-05, 0.0831003], 
              [0.861939, 0.0150229, 0.0760168, 0.0470209], 
              [0.114014, 0.300994, 0.475977, 0.109015], 
              [0.422983, 0.188006, 0.320992, 0.0680188]
            ],
            "pos": 904,
            "neg": 1808,
            "tp": 408,
            "fp": 319,
            "positive_thresh": 904,
            "true_positive_thresh": 1.0229,
            "number_of_tests": 734,
            "corrected_pvalue": "1.04e-47",
            "evalue": "1.46e-44"
          }, {
            "db": 0,
            "id": "MA0766.1",
            "alt": "GATA5",
            "len": 8,
            "motif_evalue": 0,
            "motif_nsites": 5288,
            "url": "http://jaspar2018.genereg.net/matrix/MA0766.1",
            "pwm": [
              [0.4461, 0.192891, 0.031396, 0.329613], 
              [4.84179e-06, 4.6134e-06, 0.999986, 4.84179e-06], 
              [0.997871, 4.6134e-06, 0.00211957, 4.84179e-06], 
              [4.84179e-06, 4.6134e-06, 4.6134e-06, 0.999986], 
              [0.759243, 0.0589025, 0.00966043, 0.172194], 
              [0.719857, 0.0640864, 0.108639, 0.107418], 
              [0.169989, 0.300126, 0.419242, 0.110643], 
              [0.413308, 0.18101, 0.32005, 0.0856332]
            ],
            "pos": 904,
            "neg": 1808,
            "tp": 378,
            "fp": 284,
            "positive_thresh": 904,
            "true_positive_thresh": 1.20295,
            "number_of_tests": 837,
            "corrected_pvalue": "2.05e-45",
            "evalue": "2.88e-42"
          }, {
            "db": 0,
            "id": "MA0035.3",
            "alt": "Gata1",
            "len": 11,
            "motif_evalue": 0,
            "motif_nsites": 17955,
            "url": "http://jaspar2018.genereg.net/matrix/MA0035.3",
            "pwm": [
              [0.11334, 0.240657, 0.140909, 0.505095], 
              [0.0281833, 0.35678, 0.1555, 0.459537], 
              [1.426e-06, 0.828123, 0.0243402, 0.147537], 
              [1.426e-06, 0.0388201, 1.35873e-06, 0.961177], 
              [1.426e-06, 1.35873e-06, 1.35873e-06, 0.999996], 
              [0.999996, 1.35873e-06, 1.35873e-06, 1.426e-06], 
              [1.426e-06, 1.35873e-06, 1.35873e-06, 0.999996], 
              [1.426e-06, 0.999996, 1.35873e-06, 1.426e-06], 
              [0.120636, 1.35873e-06, 1.35873e-06, 0.879362], 
              [0.139349, 0.343413, 0.37243, 0.144807], 
              [0.105041, 0.282484, 0.0890009, 0.523474]
            ],
            "pos": 904,
            "neg": 1808,
            "tp": 308,
            "fp": 205,
            "positive_thresh": 904,
            "true_positive_thresh": 1.04847,
            "number_of_tests": 521,
            "corrected_pvalue": "4.79e-41",
            "evalue": "6.73e-38"
          }, {
            "db": 0,
            "id": "MA1104.1",
            "alt": "GATA6",
            "len": 13,
            "motif_evalue": 0,
            "motif_nsites": 18650,
            "url": "http://jaspar2018.genereg.net/matrix/MA1104.1",
            "pwm": [
              [0.286434, 0.209062, 0.228204, 0.2763], 
              [0.326971, 0.159571, 0.246649, 0.26681], 
              [0.277587, 0.268097, 0.277105, 0.177212], 
              [0.862624, 0.0122802, 0.0118512, 0.113245], 
              [0.0112613, 0.00547028, 0.980479, 0.00278936], 
              [0.978548, 0.00654327, 0.00825826, 0.00665034], 
              [0.0175353, 0.00745427, 0.0140492, 0.960961], 
              [0.940639, 0.00997425, 0.0109932, 0.0383922], 
              [0.957851, 0.00423729, 0.0185002, 0.0194113], 
              [0.0510471, 0.0958718, 0.83056, 0.0225213], 
              [0.672438, 0.10043, 0.190563, 0.0365692], 
              [0.339035, 0.166113, 0.23941, 0.255442], 
              [0.373028, 0.180643, 0.203646, 0.242681]
            ],
            "pos": 904,
            "neg": 1808,
            "tp": 299,
            "fp": 194,
            "positive_thresh": 904,
            "true_positive_thresh": 1.2995,
            "number_of_tests": 609,
            "corrected_pvalue": "9.26e-41",
            "evalue": "1.30e-37"
          }, {
            "db": 0,
            "id": "MA0482.1",
            "alt": "Gata4",
            "len": 11,
            "motif_evalue": 0,
            "motif_nsites": 2746,
            "url": "http://jaspar2018.genereg.net/matrix/MA0482.1",
            "pwm": [
              [0.00365119, 0.378364, 0.136202, 0.481784], 
              [9.32373e-06, 0.7884, 0.11144, 0.100152], 
              [9.32373e-06, 0.0324187, 8.88391e-06, 0.967563], 
              [9.32373e-06, 8.88391e-06, 8.88391e-06, 0.999973], 
              [0.985771, 0.0142104, 8.88391e-06, 9.32373e-06], 
              [9.32373e-06, 8.88391e-06, 8.88391e-06, 0.999973], 
              [9.32373e-06, 0.999972, 8.88391e-06, 9.32373e-06], 
              [0.199201, 8.88391e-06, 8.88391e-06, 0.800781], 
              [9.32373e-06, 0.451558, 0.342312, 0.20612], 
              [0.218865, 0.365619, 0.0571808, 0.358335], 
              [0.140572, 0.338307, 0.248361, 0.272759]
            ],
            "pos": 904,
            "neg": 1808,
            "tp": 306,
            "fp": 215,
            "positive_thresh": 904,
            "true_positive_thresh": 1.02638,
            "number_of_tests": 524,
            "corrected_pvalue": "7.93e-38",
            "evalue": "1.11e-34"
          }, {
            "db": 0,
            "id": "MA0309.1",
            "alt": "GZF3",
            "len": 8,
            "motif_evalue": 0,
            "motif_nsites": 100,
            "url": "http://jaspar2018.genereg.net/matrix/MA0309.1",
            "pwm": [
              [0.180076, 0.389854, 0.0202237, 0.409846], 
              [0.000255783, 0.000243717, 0.999245, 0.000255783], 
              [0.999257, 0.000243717, 0.000243717, 0.000255783], 
              [0.000255783, 0.000243717, 0.000243717, 0.999257], 
              [0.999257, 0.000243717, 0.000243717, 0.000255783], 
              [0.729527, 0.0901538, 0.000243717, 0.180076], 
              [0.0398202, 0.376106, 0.583818, 0.000255783], 
              [0.389866, 0.180064, 0.269974, 0.160096]
            ],
            "pos": 904,
            "neg": 1808,
            "tp": 327,
            "fp": 246,
            "positive_thresh": 904,
            "true_positive_thresh": 1.15884,
            "number_of_tests": 639,
            "corrected_pvalue": "2.80e-37",
            "evalue": "3.94e-34"
          }, {
            "db": 0,
            "id": "MA0270.1",
            "alt": "AFT2",
            "len": 8,
            "motif_evalue": 0,
            "motif_nsites": 100,
            "url": "http://jaspar2018.genereg.net/matrix/MA0270.1",
            "pwm": [
              [0.0801759, 0.449794, 0.269974, 0.200056], 
              [0.699556, 0.000243717, 0.299944, 0.000255783], 
              [0.000255783, 0.999245, 0.000243717, 0.000255783], 
              [0.999257, 0.000243717, 0.000243717, 0.000255783], 
              [0.000255783, 0.999245, 0.000243717, 0.000255783], 
              [0.000255783, 0.999245, 0.000243717, 0.000255783], 
              [0.000255783, 0.999245, 0.000243717, 0.000255783], 
              [0.091074, 0.424062, 0.272698, 0.212165]
            ],
            "pos": 904,
            "neg": 1808,
            "tp": 354,
            "fp": 293,
            "positive_thresh": 904,
            "true_positive_thresh": 1.99091,
            "number_of_tests": 829,
            "corrected_pvalue": "1.85e-35",
            "evalue": "2.60e-32"
          }, {
            "db": 0,
            "id": "MA0300.1",
            "alt": "GAT1",
            "len": 8,
            "motif_evalue": 0,
            "motif_nsites": 101,
            "url": "http://jaspar2018.genereg.net/matrix/MA0300.1",
            "pwm": [
              [0.128839, 0.435454, 0.188174, 0.247533], 
              [0.170085, 0.419826, 0.0501919, 0.359897], 
              [0.000253253, 0.000241307, 0.999252, 0.000253253], 
              [0.999264, 0.000241307, 0.000241307, 0.000253253], 
              [0.000253253, 0.000241307, 0.000241307, 0.999264], 
              [0.999264, 0.000241307, 0.000241307, 0.000253253], 
              [0.999264, 0.000241307, 0.000241307, 0.000253253], 
              [0.0305263, 0.0910604, 0.847887, 0.0305263]
            ],
            "pos": 904,
            "neg": 1808,
            "tp": 283,
            "fp": 197,
            "positive_thresh": 904,
            "true_positive_thresh": 1.12064,
            "number_of_tests": 497,
            "corrected_pvalue": "1.12e-34",
            "evalue": "1.57e-31"
          }, {
            "db": 0,
            "id": "MA0079.3",
            "alt": "SP1",
            "len": 11,
            "motif_evalue": 0,
            "motif_nsites": 8734,
            "url": "http://jaspar2018.genereg.net/matrix/MA0079.3",
            "pwm": [
              [0.0981238, 0.204488, 0.489005, 0.208382], 
              [2.93149e-06, 0.711582, 0.073508, 0.214907], 
              [0.0113378, 0.767454, 2.7932e-06, 0.221204], 
              [2.93149e-06, 0.999991, 2.7932e-06, 2.93149e-06], 
              [2.93149e-06, 0.991633, 2.7932e-06, 0.00836084], 
              [0.1556, 2.7932e-06, 0.529422, 0.314975], 
              [2.93149e-06, 0.999991, 2.7932e-06, 2.93149e-06], 
              [2.93149e-06, 0.999991, 2.7932e-06, 2.93149e-06], 
              [2.93149e-06, 0.764707, 2.7932e-06, 0.235287], 
              [0.12068, 0.727839, 2.7932e-06, 0.151478], 
              [0.0746531, 0.568922, 0.0840408, 0.272384]
            ],
            "pos": 904,
            "neg": 1808,
            "tp": 313,
            "fp": 239,
            "positive_thresh": 904,
            "true_positive_thresh": 2.45274,
            "number_of_tests": 795,
            "corrected_pvalue": "2.83e-34",
            "evalue": "3.97e-31"
          }, {
            "db": 0,
            "id": "MA0289.1",
            "alt": "DAL80",
            "len": 7,
            "motif_evalue": 0,
            "motif_nsites": 101,
            "url": "http://jaspar2018.genereg.net/matrix/MA0289.1",
            "pwm": [
              [0.109057, 0.662951, 0.0595885, 0.168404], 
              [0.000253253, 0.000241307, 0.999252, 0.000253253], 
              [0.999264, 0.000241307, 0.000241307, 0.000253253], 
              [0.000253253, 0.000241307, 0.000241307, 0.999264], 
              [0.999264, 0.000241307, 0.000241307, 0.000253253], 
              [0.908445, 0.0103323, 0.0103323, 0.0708903], 
              [0.0302236, 0.190053, 0.749499, 0.0302236]
            ],
            "pos": 904,
            "neg": 1808,
            "tp": 286,
            "fp": 206,
            "positive_thresh": 904,
            "true_positive_thresh": 1.06681,
            "number_of_tests": 501,
            "corrected_pvalue": "1.77e-33",
            "evalue": "2.49e-30"
          }, {
            "db": 0,
            "id": "MA0747.1",
            "alt": "SP8",
            "len": 12,
            "motif_evalue": 0,
            "motif_nsites": 167,
            "url": "http://jaspar2018.genereg.net/matrix/MA0747.1",
            "pwm": [
              [0.311344, 0.161726, 0.466932, 0.0599974], 
              [0.315753, 0.66057, 0.000145997, 0.0235312], 
              [0.122031, 0.814292, 0.000145997, 0.0635303], 
              [0.786664, 0.195295, 0.00605946, 0.0119801], 
              [0.039019, 0.927369, 0.00569867, 0.0279146], 
              [0.0933814, 0.138123, 0.622907, 0.145588], 
              [0.0279146, 0.927369, 0.033459, 0.0112576], 
              [0.0117743, 0.970495, 0.0175776, 0.000153225], 
              [0.000153225, 0.897458, 0.0216381, 0.08075], 
              [0.511211, 0.437384, 0.0342166, 0.017188], 
              [0.0542878, 0.695563, 0.0875936, 0.162556], 
              [0.186788, 0.313212, 0.00616639, 0.493834]
            ],
            "pos": 904,
            "neg": 1808,
            "tp": 365,
            "fp": 321,
            "positive_thresh": 904,
            "true_positive_thresh": 1.21988,
            "number_of_tests": 779,
            "corrected_pvalue": "3.42e-33",
            "evalue": "4.80e-30"
          }, {
            "db": 0,
            "id": "MA0516.1",
            "alt": "SP2",
            "len": 15,
            "motif_evalue": 0,
            "motif_nsites": 1686,
            "url": "http://jaspar2018.genereg.net/matrix/MA0516.1",
            "pwm": [
              [0.0949086, 0.150065, 0.609705, 0.145321], 
              [0.0231458, 0.481006, 0.152437, 0.343411], 
              [0.0308554, 0.82203, 0.000607434, 0.146507], 
              [1.51853e-05, 0.995803, 0.00416622, 1.51853e-05], 
              [1.51853e-05, 0.974453, 1.4469e-05, 0.0255177], 
              [0.103212, 1.4469e-05, 0.759162, 0.137611], 
              [1.51853e-05, 0.999955, 1.4469e-05, 1.51853e-05], 
              [1.51853e-05, 0.982162, 1.4469e-05, 0.0178081], 
              [1.51853e-05, 0.657152, 1.4469e-05, 0.342818], 
              [0.122191, 0.709343, 1.4469e-05, 0.168451], 
              [0.0682201, 0.575899, 0.05873, 0.297151], 
              [0.110922, 0.328583, 0.192767, 0.367727], 
              [0.134052, 0.425256, 0.237841, 0.20285], 
              [0.135238, 0.470924, 0.241993, 0.151845], 
              [0.120411, 0.441862, 0.250297, 0.18743]
            ],
            "pos": 904,
            "neg": 1808,
            "tp": 249,
            "fp": 165,
            "positive_thresh": 904,
            "true_positive_thresh": 2.99173,
            "number_of_tests": 667,
            "corrected_pvalue": "1.88e-31",
            "evalue": "2.64e-28"
          }, {
            "db": 0,
            "id": "MA0741.1",
            "alt": "KLF16",
            "len": 11,
            "motif_evalue": 0,
            "motif_nsites": 3053,
            "url": "http://jaspar2018.genereg.net/matrix/MA0741.1",
            "pwm": [
              [0.218147, 0.175239, 0.527996, 0.0786168], 
              [0.332961, 0.595701, 0.0284621, 0.042875], 
              [0.0359492, 0.93447, 0.00348588, 0.0260945], 
              [0.699924, 0.280583, 0.0194844, 8.38619e-06], 
              [0.0385131, 0.940467, 0.00992567, 0.011093], 
              [0.185104, 0.0644379, 0.60036, 0.150096], 
              [0.00494622, 0.995037, 7.9906e-06, 8.38619e-06], 
              [0.00124135, 0.99381, 0.00493983, 8.38619e-06], 
              [0.00926708, 0.932847, 0.00174393, 0.0561405], 
              [0.26152, 0.703157, 0.0113776, 0.0239456], 
              [0.0157169, 0.791342, 0.0112986, 0.181642]
            ],
            "pos": 904,
            "neg": 1808,
            "tp": 280,
            "fp": 207,
            "positive_thresh": 904,
            "true_positive_thresh": 1.77711,
            "number_of_tests": 700,
            "corrected_pvalue": "3.37e-31",
            "evalue": "4.73e-28"
          }, {
            "db": 0,
            "id": "MA0528.1",
            "alt": "ZNF263",
            "len": 21,
            "motif_evalue": 0,
            "motif_nsites": 15235,
            "url": "http://jaspar2018.genereg.net/matrix/MA0528.1",
            "pwm": [
              [0.155301, 0.0192335, 0.727138, 0.098327], 
              [0.301674, 1.60131e-06, 0.698323, 1.68059e-06], 
              [0.729764, 1.60131e-06, 0.183919, 0.0863151], 
              [0.0297355, 1.60131e-06, 0.907052, 0.0632113], 
              [0.0663612, 0.11408, 0.816799, 0.00275866], 
              [0.913616, 0.0361684, 0.00282358, 0.0473924], 
              [0.102988, 0.0554002, 0.73856, 0.103053], 
              [0.101872, 0.093667, 0.751622, 0.0528403], 
              [0.532522, 0.0635392, 0.361863, 0.0420754], 
              [0.336855, 0.101281, 0.462224, 0.09964], 
              [0.203216, 0.0701681, 0.621659, 0.104957], 
              [0.433081, 0.0387283, 0.441745, 0.0864471], 
              [0.27404, 0.0406973, 0.584376, 0.100887], 
              [0.269511, 0.106204, 0.5935, 0.0307855], 
              [0.521363, 0.0623572, 0.313751, 0.102528], 
              [0.250935, 6.76009e-05, 0.633998, 0.114999], 
              [0.205579, 1.60131e-06, 0.751162, 0.0432574], 
              [0.545124, 1.60131e-06, 0.38674, 0.0681342], 
              [0.343025, 0.0143765, 0.585689, 0.0569093], 
              [0.266951, 0.0426663, 0.6445, 0.0458824], 
              [0.476796, 0.0595352, 0.403084, 0.0605853]
            ],
            "pos": 904,
            "neg": 1808,
            "tp": 400,
            "fp": 414,
            "positive_thresh": 904,
            "true_positive_thresh": 1.19654,
            "number_of_tests": 845,
            "corrected_pvalue": "1.14e-26",
            "evalue": "1.59e-23"
          }, {
            "db": 0,
            "id": "MA0450.1",
            "alt": "hkb",
            "len": 9,
            "motif_evalue": 0,
            "motif_nsites": 32,
            "url": "http://jaspar2018.genereg.net/matrix/MA0450.1",
            "pwm": [
              [0.0942556, 0.000760004, 0.561508, 0.343477], 
              [0.250019, 0.000760004, 0.748424, 0.000797629], 
              [0.000797629, 0.000760004, 0.997645, 0.000797629], 
              [0.000797629, 0.000760004, 0.997645, 0.000797629], 
              [0.000797629, 0.997645, 0.000760004, 0.000797629], 
              [0.000797629, 0.000760004, 0.997645, 0.000797629], 
              [0.000797629, 0.000760004, 0.0942179, 0.904224], 
              [0.000797629, 0.000760004, 0.966492, 0.0319503], 
              [0.748461, 0.0942179, 0.0630653, 0.0942556]
            ],
            "pos": 904,
            "neg": 1808,
            "tp": 151,
            "fp": 75,
            "positive_thresh": 904,
            "true_positive_thresh": 1.07884,
            "number_of_tests": 229,
            "corrected_pvalue": "1.20e-24",
            "evalue": "1.68e-21"
          }, {
            "db": 0,
            "id": "MA0307.1",
            "alt": "GLN3",
            "len": 5,
            "motif_evalue": 0,
            "motif_nsites": 100,
            "url": "http://jaspar2018.genereg.net/matrix/MA0307.1",
            "pwm": [
              [0.000255783, 0.000243717, 0.999245, 0.000255783], 
              [0.999257, 0.000243717, 0.000243717, 0.000255783], 
              [0.000255783, 0.000243717, 0.000243717, 0.999257], 
              [0.739517, 0.000243717, 0.000243717, 0.259996], 
              [0.609646, 0.000243717, 0.269974, 0.120136]
            ],
            "pos": 904,
            "neg": 1808,
            "tp": 279,
            "fp": 250,
            "positive_thresh": 904,
            "true_positive_thresh": 1.15204,
            "number_of_tests": 769,
            "corrected_pvalue": "3.99e-22",
            "evalue": "5.60e-19"
          }, {
            "db": 0,
            "id": "MA0740.1",
            "alt": "KLF14",
            "len": 14,
            "motif_evalue": 0,
            "motif_nsites": 2304,
            "url": "http://jaspar2018.genereg.net/matrix/MA0740.1",
            "pwm": [
              [0.186635, 0.0933225, 0.419263, 0.300779], 
              [0.332044, 0.0201257, 0.628255, 0.0195753], 
              [0.220455, 0.569978, 0.0402438, 0.169325], 
              [1.11123e-05, 0.861039, 0.00539535, 0.133554], 
              [0.89562, 0.0713235, 0.0304233, 0.002633], 
              [0.00126106, 0.997467, 1.05881e-05, 0.00126106], 
              [0.0224491, 0.0117171, 0.955741, 0.0100917], 
              [1.11123e-05, 0.998098, 0.00187951, 1.11123e-05], 
              [1.11123e-05, 0.994387, 0.00187051, 0.00373095], 
              [1.11123e-05, 0.958849, 0.00239448, 0.0387464], 
              [0.418951, 0.562303, 0.000595563, 0.0181493], 
              [0.0154764, 0.707085, 0.00726027, 0.270178], 
              [0.139726, 0.296405, 0.0444197, 0.51945], 
              [0.192356, 0.219622, 0.0930715, 0.494951]
            ],
            "pos": 904,
            "neg": 1808,
            "tp": 125,
            "fp": 58,
            "positive_thresh": 904,
            "true_positive_thresh": 1.69578,
            "number_of_tests": 240,
            "corrected_pvalue": "3.04e-21",
            "evalue": "4.27e-18"
          }, {
            "db": 0,
            "id": "MA0443.1",
            "alt": "btd",
            "len": 10,
            "motif_evalue": 0,
            "motif_nsites": 30,
            "url": "http://jaspar2018.genereg.net/matrix/MA0443.1",
            "pwm": [
              [0.465967, 0.100478, 0.233368, 0.200186], 
              [0.333076, 0.000810502, 0.665263, 0.000850627], 
              [0.133741, 0.000810502, 0.598817, 0.266632], 
              [0.0672961, 0.000810502, 0.931043, 0.000850627], 
              [0.000850627, 0.000810502, 0.997488, 0.000850627], 
              [0.000850627, 0.000810502, 0.997488, 0.000850627], 
              [0.0672961, 0.931043, 0.000810502, 0.000850627], 
              [0.000850627, 0.000810502, 0.997488, 0.000850627], 
              [0.000850627, 0.000810502, 0.665263, 0.333076], 
              [0.499189, 0.0340328, 0.333036, 0.133741]
            ],
            "pos": 904,
            "neg": 1808,
            "tp": 221,
            "fp": 174,
            "positive_thresh": 904,
            "true_positive_thresh": 1.28001,
            "number_of_tests": 460,
            "corrected_pvalue": "4.55e-21",
            "evalue": "6.39e-18"
          }, {
            "db": 0,
            "id": "MA0543.1",
            "alt": "eor-1",
            "len": 15,
            "motif_evalue": 0,
            "motif_nsites": 1253,
            "url": "http://jaspar2018.genereg.net/matrix/MA0543.1",
            "pwm": [
              [0.350351, 0.134885, 0.340774, 0.173989], 
              [0.364716, 0.106156, 0.396636, 0.132492], 
              [0.749362, 0.0710438, 0.133289, 0.0463057], 
              [0.106157, 0.00161534, 0.888217, 0.00401011], 
              [0.962434, 0.000817405, 1.94686e-05, 0.0367295], 
              [0.0798221, 1.94686e-05, 0.898591, 0.0215667], 
              [0.920139, 0.0095957, 0.055881, 0.0143853], 
              [0.209102, 0.476438, 0.254588, 0.0598717], 
              [0.342371, 0.0351327, 0.553846, 0.06865], 
              [0.189151, 0.436537, 0.321622, 0.0526902], 
              [0.944877, 0.0327379, 0.0223637, 2.04324e-05], 
              [0.0590737, 0.0223637, 0.918541, 2.04324e-05], 
              [0.933705, 0.00241328, 0.0590728, 0.00480905], 
              [0.161221, 0.268154, 0.547462, 0.0231626], 
              [0.777292, 0.0207678, 0.146856, 0.055084]
            ],
            "pos": 904,
            "neg": 1808,
            "tp": 307,
            "fp": 322,
            "positive_thresh": 904,
            "true_positive_thresh": 1.07512,
            "number_of_tests": 640,
            "corrected_pvalue": "1.42e-17",
            "evalue": "1.99e-14"
          }, {
            "db": 0,
            "id": "MA0346.1",
            "alt": "NHP6B",
            "len": 20,
            "motif_evalue": 0,
            "motif_nsites": 999,
            "url": "http://jaspar2018.genereg.net/matrix/MA0346.1",
            "pwm": [
              [0.182189, 0.304298, 0.0991135, 0.414398], 
              [0.217221, 0.225227, 0.216219, 0.341332], 
              [0.135418, 0.108339, 0.107336, 0.648908], 
              [0.377119, 0.20863, 0.0772487, 0.337003], 
              [0.195397, 0.316626, 0.111235, 0.376742], 
              [0.154319, 0.317628, 0.143297, 0.384757], 
              [0.393774, 0.0691555, 0.0260738, 0.510996], 
              [0.579707, 0.0892835, 0.0511723, 0.279838], 
              [0.169178, 0.0650829, 0.0160388, 0.749701], 
              [0.808562, 0.0320852, 0.0671517, 0.0922004], 
              [0.0922004, 0.0671517, 0.0320852, 0.808562], 
              [0.749701, 0.0160388, 0.0650829, 0.169178], 
              [0.279838, 0.0511723, 0.0892835, 0.579707], 
              [0.510996, 0.0260738, 0.0691555, 0.393774], 
              [0.461903, 0.0962068, 0.121254, 0.320635], 
              [0.372733, 0.106226, 0.111235, 0.409805], 
              [0.465911, 0.084184, 0.336664, 0.11324], 
              [0.20241, 0.160329, 0.302599, 0.334661], 
              [0.287572, 0.120252, 0.339669, 0.252505], 
              [0.287572, 0.257514, 0.252504, 0.20241]
            ],
            "pos": 904,
            "neg": 1808,
            "tp": 286,
            "fp": 298,
            "positive_thresh": 904,
            "true_positive_thresh": 1.10893,
            "number_of_tests": 650,
            "corrected_pvalue": "3.42e-16",
            "evalue": "4.80e-13"
          }, {
            "db": 0,
            "id": "MA0542.1",
            "alt": "elt-3",
            "len": 8,
            "motif_evalue": 0,
            "motif_nsites": 722,
            "url": "http://jaspar2018.genereg.net/matrix/MA0542.1",
            "pwm": [
              [3.54575e-05, 0.149597, 3.3785e-05, 0.850334], 
              [3.54575e-05, 0.598289, 0.171755, 0.229921], 
              [3.54575e-05, 3.3785e-05, 3.3785e-05, 0.999897], 
              [3.54575e-05, 3.3785e-05, 3.3785e-05, 0.999897], 
