<!DOCTYPE HTML>
<html>
  <head>
    <meta charset="UTF-8">
    <title>Tomtom Results</title>
    <script>
      // @JSON_VAR data
      var data = {
        "program": "Tomtom",
        "version": "5.5.5",
        "release": "Thu Sep 14 08:48:04 2023 +1000",
        "cmd": [
          "tomtom", "-verbosity", "1", "-oc",
          "memechip_example_output_files/streme_tomtom_out", "-min-overlap",
          "5", "-dist", "pearson", "-evalue", "-thresh", "1", "-no-ssc",
          "memechip_example_output_files/streme_out/streme.xml",
          "JASPAR2018_CORE_non-redundant.meme"
        ],
        "options": {
          "strands": "both",
          "distance_measure": "pearson",
          "threshold_type": "evalue",
          "threshold_value": 1,
          "background_source": "--query--"
        },
        "alphabet": {
          "name": "DNA",
          "like": "dna",
          "ncore": 4,
          "symbols": [
            {
              "symbol": "A",
              "name": "Adenine",
              "colour": "CC0000",
              "complement": "T"
            }, {
              "symbol": "C",
              "name": "Cytosine",
              "colour": "0000CC",
              "complement": "G"
            }, {
              "symbol": "G",
              "name": "Guanine",
              "colour": "FFB300",
              "complement": "C"
            }, {
              "symbol": "T",
              "aliases": "U",
              "name": "Thymine",
              "colour": "008000",
              "complement": "A"
            }, {
              "symbol": "N",
              "aliases": "X.",
              "name": "Any base",
              "equals": "ACGT"
            }, {
              "symbol": "V",
              "name": "Not T",
              "equals": "ACG"
            }, {
              "symbol": "H",
              "name": "Not G",
              "equals": "ACT"
            }, {
              "symbol": "D",
              "name": "Not C",
              "equals": "AGT"
            }, {
              "symbol": "B",
              "name": "Not A",
              "equals": "CGT"
            }, {
              "symbol": "M",
              "name": "Amino",
              "equals": "AC"
            }, {
              "symbol": "R",
              "name": "Purine",
              "equals": "AG"
            }, {
              "symbol": "W",
              "name": "Weak",
              "equals": "AT"
            }, {
              "symbol": "S",
              "name": "Strong",
              "equals": "CG"
            }, {
              "symbol": "Y",
              "name": "Pyrimidine",
              "equals": "CT"
            }, {
              "symbol": "K",
              "name": "Keto",
              "equals": "GT"
            }
          ]
        },
        "background": [0.25, 0.25, 0.25, 0.25],
        "query_dbs": [
          {
            "source": "memechip_example_output_files/streme_out/streme.xml",
            "name": "streme.xml",
            "loaded": 6,
            "excluded": 0,
            "last_modified": "Wed Nov 29 23:43:03 2023"
          }
        ],
        "target_dbs": [
          {
            "source": "JASPAR2018_CORE_non-redundant.meme",
            "name": "JASPAR2018_CORE_non-redundant",
            "loaded": 1404,
            "excluded": 0,
            "last_modified": "Sun Jun 18 07:59:29 2023"
          }
        ],
        "queries": [
          {
            "db": 0,
            "id": "1-RCCACACCCWD",
            "alt": "STREME-1",
            "len": 11,
            "nsites": 262,
            "evalue": "6.3e-007",
            "pwm": [
              [0.366741, 0.0303774, 0.585417, 0.0174649], 
              [0.0820278, 0.793355, 0.0709315, 0.0536863], 
              [0.0131578, 0.89668, 0.000251629, 0.08991], 
              [0.732193, 0.254397, 0.01316, 0.000249518], 
              [0.000249518, 0.999249, 0.000251629, 0.000249518], 
              [0.74784, 0.000251629, 0.251658, 0.000249518], 
              [0.000249518, 0.999249, 0.000251629, 0.000249518], 
              [0.000249518, 0.999249, 0.000251629, 0.000249518], 
              [0.000249518, 0.982034, 0.000251629, 0.0174649], 
              [0.533155, 0.0591572, 0.000251629, 0.407437], 
              [0.230286, 0.145816, 0.340803, 0.283095]
            ]
          }, {
            "db": 0,
            "id": "2-ACWGATAAS",
            "alt": "STREME-2",
            "len": 9,
            "nsites": 278,
            "evalue": "5.7e-003",
            "pwm": [
              [0.524903, 0.190902, 0.0783693, 0.205825], 
              [0.184909, 0.457791, 0.136869, 0.22043], 
              [0.347355, 0.0197146, 0.00237954, 0.630551], 
              [0.0277649, 0.000274239, 0.971689, 0.000271749], 
              [0.93517, 0.0520259, 0.0125327, 0.000271749], 
              [0.0222803, 0.00535082, 0.000274239, 0.972094], 
              [0.981412, 0.000274239, 0.00788912, 0.0104249], 
              [0.873, 0.000274239, 0.0968551, 0.0298703], 
              [0.175917, 0.283169, 0.41895, 0.121964]
            ]
          }, {
            "db": 0,
            "id": "3-CCCCKCCC",
            "alt": "STREME-3",
            "len": 8,
            "nsites": 64,
            "evalue": "3.2e-002",
            "pwm": [
              [0.00126687, 0.771987, 0.0257569, 0.20099], 
              [0.165257, 0.791092, 0.00127888, 0.0423717], 
              [0.0257449, 0.93708, 0.0359081, 0.00126687], 
              [0.00126687, 0.971709, 0.0257569, 0.00126687], 
              [0.00126687, 0.00127888, 0.639636, 0.357819], 
              [0.00126687, 0.971709, 0.0257569, 0.00126687], 
              [0.00126687, 0.983948, 0.0135179, 0.00126687], 
              [0.0257449, 0.930605, 0.00127888, 0.0423717]
            ]
          }, {
            "db": 0,
            "id": "4-CTGGGGAGA",
            "alt": "STREME-4",
            "len": 9,
            "nsites": 31,
            "evalue": "9.4e-001",
            "pwm": [
              [0.0343871, 0.934775, 0.0154268, 0.0154108], 
              [0.00196527, 0.00198118, 0.0668568, 0.929197], 
              [0.0343871, 0.034403, 0.915799, 0.0154108], 
              [0.00196527, 0.00198118, 0.994089, 0.00196527], 
              [0.00196527, 0.034403, 0.799236, 0.164395], 
              [0.0343871, 0.00198118, 0.907222, 0.0564099], 
              [0.864289, 0.034403, 0.00198118, 0.0993268], 
              [0.019474, 0.0564257, 0.922135, 0.00196527], 
              [0.915751, 0.0668568, 0.00198118, 0.0154108]
            ]
          }, {
            "db": 0,
            "id": "5-AAACGCCCW",
            "alt": "STREME-5",
            "len": 9,
            "nsites": 24,
            "evalue": "4.9e-008",
            "pwm": [
              [0.691203, 0.131578, 0.174643, 0.00257695], 
              [0.992227, 0.00259803, 0.00259803, 0.00257695], 
              [0.777054, 0.21777, 0.00259803, 0.00257695], 
              [0.00257695, 0.992248, 0.00259803, 0.00257695], 
              [0.00257695, 0.00259803, 0.992248, 0.00257695], 
              [0.00257695, 0.949268, 0.0455773, 0.00257695], 
              [0.00257695, 0.949268, 0.00259803, 0.0455562], 
              [0.00257695, 0.992248, 0.00259803, 0.00257695], 
              [0.476158, 0.0885778, 0.00259803, 0.432667]
            ]
          }, {
            "db": 0,
            "id": "6-AACAAGGAAARA",
            "alt": "STREME-6",
            "len": 12,
            "nsites": 20,
            "evalue": "1.0e+000",
            "pwm": [
              [0.811669, 0.00287537, 0.182602, 0.00285333], 
              [0.766737, 0.0478071, 0.182602, 0.00285333], 
              [0.0477851, 0.946487, 0.00287537, 0.00285333], 
              [0.901532, 0.0478071, 0.0478071, 0.00285333], 
              [0.811669, 0.0478071, 0.00287537, 0.137649], 
              [0.0927168, 0.0478071, 0.766759, 0.0927168], 
              [0.0477851, 0.137671, 0.766759, 0.0477851], 
              [0.721806, 0.137671, 0.0478071, 0.0927168], 
              [0.901532, 0.00287537, 0.00287537, 0.0927168], 
              [0.676874, 0.00287537, 0.0478071, 0.272444], 
              [0.452215, 0.00287537, 0.407261, 0.137649], 
              [0.856601, 0.0927388, 0.0478071, 0.00285333]
            ]
          }
        ],
        "targets": [
          {
            "db": 0,
            "id": "MA0035.3",
            "alt": "Gata1",
            "len": 11,
            "nsites": 17955,
            "url": "http://jaspar2018.genereg.net/matrix/MA0035.3",
            "pwm": [
              [0.11334, 0.240657, 0.140909, 0.505095], 
              [0.0281832, 0.35678, 0.155501, 0.459537], 
              [1.39236e-06, 0.828123, 0.0243403, 0.147537], 
              [1.39236e-06, 0.0388202, 1.39236e-06, 0.961177], 
              [1.39236e-06, 1.39236e-06, 1.39236e-06, 0.999996], 
              [0.999996, 1.39236e-06, 1.39236e-06, 1.39236e-06], 
              [1.39236e-06, 1.39236e-06, 1.39236e-06, 0.999996], 
              [1.39236e-06, 0.999996, 1.39236e-06, 1.39236e-06], 
              [0.120636, 1.39236e-06, 1.39236e-06, 0.879361], 
              [0.139349, 0.343413, 0.37243, 0.144807], 
              [0.105041, 0.282484, 0.0890009, 0.523473]
            ]
          }, {
            "db": 0,
            "id": "MA0037.3",
            "alt": "GATA3",
            "len": 8,
            "nsites": 1000,
            "url": "http://jaspar2018.genereg.net/matrix/MA0037.3",
            "pwm": [
              [0.501975, 0.226002, 0.0010249, 0.270998], 
              [2.49975e-05, 2.49975e-05, 0.999925, 2.49975e-05], 
              [0.999925, 2.49975e-05, 2.49975e-05, 2.49975e-05], 
              [2.49975e-05, 2.49975e-05, 2.49975e-05, 0.999925], 
              [0.914849, 0.0020268, 2.49975e-05, 0.0830997], 
              [0.861939, 0.0150235, 0.0760174, 0.0470203], 
              [0.114014, 0.300995, 0.475977, 0.109014], 
              [0.422983, 0.188006, 0.320993, 0.0680182]
            ]
          }, {
            "db": 0,
            "id": "MA0039.3",
            "alt": "KLF4",
            "len": 11,
            "nsites": 969,
            "url": "http://jaspar2018.genereg.net/matrix/MA0039.3",
            "pwm": [
              [0.27038, 0.496363, 0.130043, 0.103214], 
              [0.120756, 0.668688, 0.108374, 0.102182], 
              [0.953487, 0.0144723, 0.0185999, 0.0134404], 
              [0.00828095, 0.978253, 0.00621716, 0.00724905], 
              [0.85649, 0.00208958, 0.126948, 0.0144723], 
              [0.0134404, 0.943168, 0.0185999, 0.0247912], 
              [0.0299507, 0.938009, 0.017568, 0.0144723], 
              [0.0155042, 0.962774, 0.00415337, 0.017568], 
              [0.267284, 0.0743211, 0.0402696, 0.618125], 
              [0.189892, 0.287922, 0.29205, 0.230136], 
              [0.237359, 0.304432, 0.208466, 0.249742]
            ]
          }, {
            "db": 0,
            "id": "MA0056.1",
            "alt": "MZF1",
            "len": 6,
            "nsites": 20,
            "url": "http://jaspar2018.genereg.net/matrix/MA0056.1",
            "pwm": [
              [0.150498, 0.25, 0.200249, 0.399254], 
              [0.00124378, 0.00124378, 0.946517, 0.050995], 
              [0.100746, 0.00124378, 0.896766, 0.00124378], 
              [0.00124378, 0.00124378, 0.946517, 0.050995], 
              [0.00124378, 0.00124378, 0.996269, 0.00124378], 
              [0.896766, 0.00124378, 0.100746, 0.00124378]
            ]
          }, {
            "db": 0,
            "id": "MA0079.3",
            "alt": "SP1",
            "len": 11,
            "nsites": 8734,
            "url": "http://jaspar2018.genereg.net/matrix/MA0079.3",
            "pwm": [
              [0.0981237, 0.204489, 0.489005, 0.208381], 
              [2.86234e-06, 0.711582, 0.073508, 0.214907], 
              [0.0113377, 0.767454, 2.86234e-06, 0.221204], 
              [2.86234e-06, 0.999991, 2.86234e-06, 2.86234e-06], 
              [2.86234e-06, 0.991634, 2.86234e-06, 0.00836077], 
              [0.1556, 2.86234e-06, 0.529422, 0.314975], 
              [2.86234e-06, 0.999991, 2.86234e-06, 2.86234e-06], 
              [2.86234e-06, 0.999991, 2.86234e-06, 2.86234e-06], 
              [2.86234e-06, 0.764707, 2.86234e-06, 0.235287], 
              [0.120679, 0.72784, 2.86234e-06, 0.151478], 
              [0.074653, 0.568922, 0.0840409, 0.272384]
            ]
          }, {
            "db": 0,
            "id": "MA0140.2",
            "alt": "GATA1::TAL1",
            "len": 18,
            "nsites": 4955,
            "url": "http://jaspar2018.genereg.net/matrix/MA0140.2",
            "pwm": [
              [0.224824, 0.411299, 0.195157, 0.16872], 
              [0.0415782, 0.162868, 0.0320934, 0.763461], 
              [0.0641818, 5.04531e-06, 5.04531e-06, 0.935808], 
              [0.999985, 5.04531e-06, 5.04531e-06, 5.04531e-06], 
              [5.04531e-06, 5.04531e-06, 5.04531e-06, 0.999985], 
              [5.04531e-06, 0.999985, 5.04531e-06, 5.04531e-06], 
              [0.413519, 0.0127188, 0.0111048, 0.562658], 
              [0.132797, 0.268618, 0.446817, 0.151768], 
              [0.19435, 0.245005, 0.25106, 0.309585], 
              [0.240363, 0.227447, 0.30676, 0.225429], 
              [0.358827, 0.228052, 0.199799, 0.213321], 
              [0.209486, 0.249647, 0.345508, 0.195359], 
              [0.272856, 0.230474, 0.295862, 0.200808], 
              [0.380421, 0.208477, 0.165491, 0.24561], 
              [0.278707, 0.249647, 0.380219, 0.0914262], 
              [0.0222046, 0.973143, 0.00464695, 5.04531e-06], 
              [0.940248, 5.04531e-06, 5.04531e-06, 0.0597418], 
              [0.0322954, 0.179618, 0.715228, 0.0728596]
            ]
          }, {
            "db": 0,
            "id": "MA0290.1",
            "alt": "DAL81",
            "len": 19,
            "nsites": 203,
            "url": "http://jaspar2018.genereg.net/matrix/MA0290.1",
            "pwm": [
              [0.999631, 0.000123092, 0.000123092, 0.000123092], 
              [0.999631, 0.000123092, 0.000123092, 0.000123092], 
              [0.999631, 0.000123092, 0.000123092, 0.000123092], 
              [0.999631, 0.000123092, 0.000123092, 0.000123092], 
              [0.000123092, 0.000123092, 0.999631, 0.000123092], 
              [0.000123092, 0.999631, 0.000123092, 0.000123092], 
              [0.000123092, 0.999631, 0.000123092, 0.000123092], 
              [0.000123092, 0.000123092, 0.999631, 0.000123092], 
              [0.000123092, 0.999631, 0.000123092, 0.000123092], 
              [0.000123092, 0.000123092, 0.999631, 0.000123092], 
              [0.000123092, 0.000123092, 0.999631, 0.000123092], 
              [0.000123092, 0.000123092, 0.999631, 0.000123092], 
              [0.000123092, 0.999631, 0.000123092, 0.000123092], 
              [0.000123092, 0.000123092, 0.999631, 0.000123092], 
              [0.000123092, 0.000123092, 0.999631, 0.000123092], 
              [0.000123092, 0.000123092, 0.999631, 0.000123092], 
              [0.999631, 0.000123092, 0.000123092, 0.000123092], 
              [0.000123092, 0.000123092, 0.000123092, 0.999631], 
              [0.000123092, 0.000123092, 0.000123092, 0.999631]
            ]
          }, {
            "db": 0,
            "id": "MA0300.1",
            "alt": "GAT1",
            "len": 8,
            "nsites": 101,
            "url": "http://jaspar2018.genereg.net/matrix/MA0300.1",
            "pwm": [
              [0.128833, 0.43546, 0.18818, 0.247527], 
              [0.170079, 0.419832, 0.0501978, 0.359891], 
              [0.00024728, 0.00024728, 0.999258, 0.00024728], 
              [0.999258, 0.00024728, 0.00024728, 0.00024728], 
              [0.00024728, 0.00024728, 0.00024728, 0.999258], 
              [0.999258, 0.00024728, 0.00024728, 0.00024728], 
              [0.999258, 0.00024728, 0.00024728, 0.00024728], 
              [0.0305203, 0.0910664, 0.847893, 0.0305203]
            ]
          }, {
            "db": 0,
            "id": "MA0307.1",
            "alt": "GLN3",
            "len": 5,
            "nsites": 100,
            "url": "http://jaspar2018.genereg.net/matrix/MA0307.1",
            "pwm": [
              [0.00024975, 0.00024975, 0.999251, 0.00024975], 
              [0.999251, 0.00024975, 0.00024975, 0.00024975], 
              [0.00024975, 0.00024975, 0.00024975, 0.999251], 
              [0.73951, 0.00024975, 0.00024975, 0.25999], 
              [0.60964, 0.00024975, 0.26998, 0.12013]
            ]
          }, {
            "db": 0,
            "id": "MA0333.1",
            "alt": "MET31",
            "len": 9,
            "nsites": 101,
            "url": "http://jaspar2018.genereg.net/matrix/MA0333.1",
            "pwm": [
              [0.376113, 0.0991593, 0.376113, 0.148615], 
              [0.204127, 0.285679, 0.306066, 0.204127], 
              [0.138724, 0.138724, 0.178289, 0.544263], 
              [0.00024728, 0.00024728, 0.999258, 0.00024728], 
              [0.00024728, 0.00024728, 0.00024728, 0.999258], 
              [0.00024728, 0.00024728, 0.999258, 0.00024728], 
              [0.00024728, 0.00024728, 0.999258, 0.00024728], 
              [0.00024728, 0.999258, 0.00024728, 0.00024728], 
              [0.101157, 0.00024728, 0.696528, 0.202067]
            ]
          }, {
            "db": 0,
            "id": "MA0431.1",
            "alt": "TDA9",
            "len": 9,
            "nsites": 100,
            "url": "http://jaspar2018.genereg.net/matrix/MA0431.1",
            "pwm": [
              [0.31993, 0.24001, 0.23002, 0.21004], 
              [0.00024975, 0.999251, 0.00024975, 0.00024975], 
              [0.00024975, 0.999251, 0.00024975, 0.00024975], 
              [0.00024975, 0.999251, 0.00024975, 0.00024975], 
              [0.00024975, 0.999251, 0.00024975, 0.00024975], 
              [0.29995, 0.00024975, 0.35989, 0.33991], 
              [0.00024975, 0.999251, 0.00024975, 0.00024975], 
              [0.435459, 0.158507, 0.0299231, 0.376112], 
              [0.19006, 0.3499, 0.1501, 0.30994]
            ]
          }, {
            "db": 0,
            "id": "MA0470.1",
            "alt": "E2F4",
            "len": 11,
            "nsites": 1878,
            "url": "http://jaspar2018.genereg.net/matrix/MA0470.1",
            "pwm": [
              [0.144841, 0.197021, 0.451533, 0.206605], 
              [0.0825439, 0.271564, 0.645879, 1.33113e-05], 
              [1.33113e-05, 0.00587, 0.994103, 1.33113e-05], 
              [1.33113e-05, 0.99996, 1.33113e-05, 1.33113e-05], 
              [1.33113e-05, 1.33113e-05, 0.99996, 1.33113e-05], 
              [0.0143895, 0.116088, 0.869509, 1.33113e-05], 
              [0.00799989, 0.0218441, 0.970143, 1.33113e-05], 
              [0.960026, 1.33113e-05, 0.0399472, 1.33113e-05], 
              [0.667177, 1.33113e-05, 0.332797, 1.33113e-05], 
              [0.37912, 0.185839, 0.38338, 0.0516616], 
              [0.267837, 0.209267, 0.328005, 0.194891]
            ]
          }, {
            "db": 0,
            "id": "MA0471.1",
            "alt": "E2F6",
            "len": 11,
            "nsites": 2757,
            "url": "http://jaspar2018.genereg.net/matrix/MA0471.1",
            "pwm": [
              [0.294521, 0.029025, 0.509966, 0.166488], 
              [0.160322, 0.147266, 0.692403, 9.0675e-06], 
              [9.0675e-06, 9.0675e-06, 0.999973, 9.0675e-06], 
              [0.243743, 0.708724, 9.0675e-06, 0.0475223], 
              [0.00254798, 9.0675e-06, 0.997434, 9.0675e-06], 
              [9.0675e-06, 9.0675e-06, 0.999973, 9.0675e-06], 
              [0.0072628, 0.0105277, 0.9822, 9.0675e-06], 
              [0.999973, 9.0675e-06, 9.0675e-06, 9.0675e-06], 
              [0.611521, 9.0675e-06, 0.388461, 9.0675e-06], 
              [0.358357, 0.164675, 0.411673, 0.0652947], 
              [0.279651, 0.256075, 0.329703, 0.134571]
            ]
          }, {
            "db": 0,
            "id": "MA0493.1",
            "alt": "Klf1",
            "len": 11,
            "nsites": 526,
            "url": "http://jaspar2018.genereg.net/matrix/MA0493.1",
            "pwm": [
              [0.285164, 0.144507, 0.384005, 0.186324], 
              [0.317477, 0.0760791, 0.579785, 0.0266585], 
              [0.127399, 0.752756, 0.060873, 0.0589713], 
              [0.0247578, 0.876307, 4.75195e-05, 0.0988877], 
              [0.767963, 0.22434, 4.75195e-05, 0.00765107], 
              [4.75195e-05, 0.999857, 4.75195e-05, 4.75195e-05], 
              [0.760359, 4.75195e-05, 0.184423, 0.05517], 
              [4.75195e-05, 0.999857, 4.75195e-05, 4.75195e-05], 
              [4.75195e-05, 0.999857, 4.75195e-05, 4.75195e-05], 
              [4.75195e-05, 0.965643, 4.75195e-05, 0.034262], 
              [0.532265, 0.0665749, 4.75195e-05, 0.401112]
            ]
          }, {
            "db": 0,
            "id": "MA0516.1",
            "alt": "SP2",
            "len": 15,
            "nsites": 1686,
            "url": "http://jaspar2018.genereg.net/matrix/MA0516.1",
            "pwm": [
              [0.0949082, 0.150065, 0.609706, 0.14532], 
              [0.0231455, 0.481006, 0.152438, 0.34341], 
              [0.030855, 0.82203, 0.000607792, 0.146507], 
              [1.48271e-05, 0.995804, 0.00416658, 1.48271e-05], 
              [1.48271e-05, 0.974453, 1.48271e-05, 0.0255173], 
              [0.103212, 1.48271e-05, 0.759163, 0.137611], 
              [1.48271e-05, 0.999956, 1.48271e-05, 1.48271e-05], 
              [1.48271e-05, 0.982163, 1.48271e-05, 0.0178078], 
              [1.48271e-05, 0.657153, 1.48271e-05, 0.342817], 
              [0.122191, 0.709344, 1.48271e-05, 0.168451], 
              [0.0682198, 0.5759, 0.0587303, 0.29715], 
              [0.110921, 0.328583, 0.192767, 0.367727], 
              [0.134052, 0.425257, 0.237842, 0.20285], 
              [0.135238, 0.470924, 0.241993, 0.151845], 
              [0.120411, 0.441863, 0.250297, 0.18743]
            ]
          }, {
            "db": 0,
            "id": "MA0542.1",
            "alt": "elt-3",
            "len": 8,
            "nsites": 722,
            "url": "http://jaspar2018.genereg.net/matrix/MA0542.1",
            "pwm": [
              [3.46212e-05, 0.149598, 3.46212e-05, 0.850333], 
              [3.46212e-05, 0.59829, 0.171756, 0.22992], 
              [3.46212e-05, 3.46212e-05, 3.46212e-05, 0.999896], 
              [3.46212e-05, 3.46212e-05, 3.46212e-05, 0.999896], 
              [0.999896, 3.46212e-05, 3.46212e-05, 3.46212e-05], 
              [3.46212e-05, 3.46212e-05, 3.46212e-05, 0.999896], 
              [3.46212e-05, 0.999896, 3.46212e-05, 3.46212e-05], 
              [0.999896, 3.46212e-05, 3.46212e-05, 3.46212e-05]
            ]
          }, {
            "db": 0,
            "id": "MA0554.1",
            "alt": "SOC1",
            "len": 15,
            "nsites": 888,
            "url": "http://jaspar2018.genereg.net/matrix/MA0554.1",
            "pwm": [
              [0.324316, 0.138527, 0.111502, 0.425656], 
              [0.1937, 0.297292, 0.127266, 0.381742], 
              [0.0732179, 0.0304297, 0.0383118, 0.85804], 
              [0.0698403, 2.815e-05, 0.0574537, 0.872678], 
              [0.13177, 0.0529502, 0.100242, 0.715038], 
              [0.0225486, 0.962758, 0.0146665, 2.815e-05], 
              [2.815e-05, 0.69477, 0.010162, 0.29504], 
              [0.516862, 0.0416905, 0.063084, 0.378364], 
              [0.15429, 0.0878563, 2.815e-05, 0.757826], 
              [0.146408, 0.00678439, 2.815e-05, 0.84678], 
              [0.0248004, 0.00903614, 2.815e-05, 0.966135], 
              [0.110376, 0.0270521, 2.815e-05, 0.862544], 
              [0.101368, 0.0799741, 0.0968642, 0.721794], 
              [0.203834, 0.0112879, 0.769086, 0.0157924], 
              [0.01917, 0.0259262, 0.748818, 0.206086]
            ]
          }, {
            "db": 0,
            "id": "MA0555.1",
            "alt": "SVP",
            "len": 20,
            "nsites": 92,
            "url": "http://jaspar2018.genereg.net/matrix/MA0555.1",
            "pwm": [
              [0.304289, 0.260858, 0.228285, 0.206569], 
              [0.304289, 0.119707, 0.087134, 0.48887], 
              [0.304289, 0.0111296, 0.108849, 0.575733], 
              [0.358578, 0.173996, 0.119707, 0.34772], 
              [0.0762758, 0.923181, 0.000271444, 0.000271444], 
              [0.032845, 0.858035, 0.0111296, 0.0979912], 
              [0.630022, 0.173996, 0.0762758, 0.119707], 
              [0.727742, 0.0545604, 0.087134, 0.130565], 
              [0.934039, 0.000271444, 0.000271444, 0.0654176], 
              [0.83632, 0.0111296, 0.0219868, 0.130565], 
              [0.847177, 0.087134, 0.032845, 0.032845], 
              [0.369435, 0.108849, 0.15228, 0.369435], 
              [0.173996, 0.000271444, 0.803746, 0.0219868], 
              [0.000271444, 0.000271444, 0.999186, 0.000271444], 
              [0.771173, 0.108849, 0.000271444, 0.119707], 
              [0.912323, 0.0219868, 0.0219868, 0.0437022], 
              [0.83632, 0.0762758, 0.0219868, 0.0654176], 
              [0.369435, 0.087134, 0.423724, 0.119707], 
              [0.543159, 0.173996, 0.0545604, 0.228285], 
              [0.412866, 0.228285, 0.032845, 0.326004]
            ]
          }, {
            "db": 0,
            "id": "MA0559.1",
            "alt": "PI",
            "len": 14,
            "nsites": 558,
            "url": "http://jaspar2018.genereg.net/matrix/MA0559.1",
            "pwm": [
              [0.279565, 0.600295, 0.0860514, 0.0340887], 
              [0.102177, 0.706011, 0.0788837, 0.112928], 
              [0.639715, 0.141596, 0.120095, 0.0985931], 
              [0.802768, 0.0215459, 0.148764, 0.026922], 
              [0.987323, 0.00183647, 0.00721151, 0.00362815], 
              [0.892358, 4.47948e-05, 0.0215459, 0.0860514], 
              [0.539375, 0.0143792, 0.437242, 0.00900419], 
              [0.559085, 0.0251303, 0.123679, 0.292107], 
              [0.413949, 4.47948e-05, 0.585962, 4.47948e-05], 
              [0.0125875, 0.0107959, 0.976573, 4.47948e-05], 
              [0.799185, 0.0968015, 0.0125875, 0.0914264], 
              [0.886983, 0.0125875, 0.0430481, 0.0573825], 
              [0.817102, 0.0466314, 0.107553, 0.0287137], 
              [0.458744, 0.103969, 0.356612, 0.0806753]
            ]
          }, {
            "db": 0,
            "id": "MA0599.1",
            "alt": "KLF5",
            "len": 10,
            "nsites": 13611,
            "url": "http://jaspar2018.genereg.net/matrix/MA0599.1",
            "pwm": [
              [0.10499, 0.148631, 0.556313, 0.190067], 
              [1.83674e-06, 0.874288, 1.83674e-06, 0.125708], 
              [1.83674e-06, 0.882223, 1.83674e-06, 0.117773], 
              [0.255455, 0.703031, 1.83674e-06, 0.0415125], 
              [1.83674e-06, 0.999994, 1.83674e-06, 1.83674e-06], 
              [0.371096, 1.83674e-06, 0.38072, 0.248182], 
              [1.83674e-06, 0.999994, 1.83674e-06, 1.83674e-06], 
              [1.83674e-06, 0.999994, 1.83674e-06, 1.83674e-06], 
              [1.83674e-06, 0.965023, 1.83674e-06, 0.0349736], 
              [0.287635, 0.411064, 1.83674e-06, 0.3013]
            ]
          }, {
            "db": 0,
            "id": "MA0685.1",
            "alt": "SP4",
            "len": 17,
            "nsites": 4471,
            "url": "http://jaspar2018.genereg.net/matrix/MA0685.1",
            "pwm": [
              [0.138897, 0.314246, 0.184076, 0.362779], 
              [0.517006, 0.0371208, 0.0154702, 0.430403], 
              [0.567183, 0.0318549, 0.357546, 0.0434166], 
              [0.163733, 0.00105157, 0.832419, 0.00279553], 
              [0.0552414, 0.943897, 5.59147e-06, 0.000855572], 
              [0.000437582, 0.969341, 0.00108457, 0.0291369], 
              [0.751365, 0.247874, 0.000755575, 5.59147e-06], 
              [0.000434582, 0.999554, 5.59147e-06, 5.59147e-06], 
              [0.00181655, 0.00254053, 0.98568, 0.00996337], 
              [0.000432582, 0.998703, 0.000858572, 5.59147e-06], 
              [0.000638577, 0.998927, 0.000427582, 5.59147e-06], 
              [5.59147e-06, 0.984168, 0.000638577, 0.0151883], 
              [0.423374, 0.559128, 0.00207655, 0.0154212], 
              [0.0206371, 0.780707, 0.00383951, 0.194816], 
              [0.214529, 0.168801, 0.0440396, 0.572631], 
              [0.137624, 0.285173, 0.0858397, 0.491364], 
              [0.229582, 0.280151, 0.132007, 0.35826]
            ]
          }, {
            "db": 0,
            "id": "MA0732.1",
            "alt": "EGR3",
            "len": 15,
            "nsites": 1730,
            "url": "http://jaspar2018.genereg.net/matrix/MA0732.1",
            "pwm": [
              [0.194801, 0.372825, 0.160699, 0.271675], 
              [0.267469, 0.292167, 0.115068, 0.325297], 
              [0.585112, 0.397834, 0.00568912, 0.0113648], 
              [0.00108439, 0.991936, 1.445e-05, 0.00696605], 
              [0.0288088, 0.0139756, 0.941496, 0.0157205], 
              [1.445e-05, 0.998881, 0.00109039, 1.445e-05], 
              [1.445e-05, 0.994604, 1.445e-05, 0.00536714], 
              [1.445e-05, 0.954409, 0.00367924, 0.041897], 
              [0.711452, 0.27931, 0.00676706, 0.00246931], 
              [1.445e-05, 0.99518, 0.00372924, 0.00107639], 
              [0.0173854, 0.0124857, 0.958534, 0.0115948], 
              [0.00105439, 0.987477, 0.00053442, 0.0109338], 
              [0.806873, 0.0345395, 0.107425, 0.0511625], 
              [0.243844, 0.360354, 0.0660766, 0.329725], 
              [0.239276, 0.209065, 0.138979, 0.41268]
            ]
          }, {
            "db": 0,
            "id": "MA0740.1",
            "alt": "KLF14",
            "len": 14,
            "nsites": 2304,
            "url": "http://jaspar2018.genereg.net/matrix/MA0740.1",
            "pwm": [
              [0.186635, 0.0933228, 0.419264, 0.300779], 
              [0.332043, 0.020126, 0.628256, 0.019575], 
              [0.220454, 0.569978, 0.0402441, 0.169325], 
              [1.08502e-05, 0.861039, 0.00539562, 0.133554], 
              [0.89562, 0.0713238, 0.0304235, 0.00263274], 
              [0.0012608, 0.997468, 1.08502e-05, 0.0012608], 
              [0.0224489, 0.0117173, 0.955741, 0.0100914], 
              [1.08502e-05, 0.998099, 0.00187977, 1.08502e-05], 
              [1.08502e-05, 0.994388, 0.00187077, 0.00373069], 
              [1.08502e-05, 0.958849, 0.00239475, 0.0387462], 
              [0.418951, 0.562303, 0.000595825, 0.0181491], 
              [0.0154762, 0.707085, 0.00726054, 0.270178], 
              [0.139726, 0.296405, 0.0444199, 0.519449], 
              [0.192356, 0.219622, 0.0930718, 0.49495]
            ]
          }, {
            "db": 0,
            "id": "MA0741.1",
            "alt": "KLF16",
            "len": 11,
            "nsites": 3053,
            "url": "http://jaspar2018.genereg.net/matrix/MA0741.1",
            "pwm": [
              [0.218147, 0.175239, 0.527996, 0.0786166], 
              [0.332961, 0.595702, 0.0284623, 0.0428748], 
              [0.035949, 0.934471, 0.00348607, 0.0260943], 
              [0.699924, 0.280583, 0.0194846, 8.1884e-06], 
              [0.0385129, 0.940467, 0.00992586, 0.0110928], 
              [0.185104, 0.0644381, 0.600361, 0.150096], 
              [0.00494603, 0.995038, 8.1884e-06, 8.1884e-06], 
              [0.00124115, 0.993811, 0.00494003, 8.1884e-06], 
              [0.00926689, 0.932848, 0.00174413, 0.0561403], 
              [0.26152, 0.703157, 0.0113778, 0.0239454], 
              [0.0157167, 0.791342, 0.0112988, 0.181642]
            ]
          }, {
            "db": 0,
            "id": "MA0742.1",
            "alt": "Klf12",
            "len": 15,
            "nsites": 1585,
            "url": "http://jaspar2018.genereg.net/matrix/MA0742.1",
            "pwm": [
              [0.105372, 0.0220964, 0.730569, 0.141963], 
              [0.505007, 0.0100611, 0.484917, 1.57719e-05], 
              [0.0270031, 0.94882, 0.0113791, 0.012799], 
              [0.00726131, 0.970969, 0.0174057, 0.0043635], 
              [0.967075, 0.0306258, 0.00228363, 1.57719e-05], 
              [0.0130959, 0.981059, 1.57719e-05, 0.00582941], 
              [0.136083, 0.000648732, 0.853127, 0.0101421], 
              [1.57719e-05, 0.994164, 1.57719e-05, 0.00580441], 
              [1.57719e-05, 0.969735, 0.012378, 0.0178716], 
              [1.57719e-05, 0.982097, 1.57719e-05, 0.0178716], 
              [0.404728, 0.118468, 1.57719e-05, 0.476788], 
              [0.248175, 0.228364, 0.103242, 0.420218], 
              [0.334414, 0.2595, 0.091215, 0.314871], 
              [0.245361, 0.191757, 0.120627, 0.442256], 
              [0.284662, 0.22059, 0.148115, 0.346633]
            ]
          }, {
            "db": 0,
            "id": "MA0746.1",
            "alt": "SP3",
            "len": 11,
            "nsites": 18576,
            "url": "http://jaspar2018.genereg.net/matrix/MA0746.1",
            "pwm": [
              [0.223999, 0.300549, 0.355781, 0.119672], 
              [0.176351, 0.709804, 0.0423171, 0.071529], 
              [0.0855449, 0.838809, 0.0317312, 0.0439151], 
              [0.716823, 0.238364, 0.0267432, 0.0180702], 
              [0.0225972, 0.933339, 0.0120053, 0.0320592], 
              [0.261176, 0.0389091, 0.555376, 0.144539], 
              [0.0206712, 0.962005, 0.00553232, 0.0117913], 
              [0.0259432, 0.957822, 0.0076823, 0.0085523], 
              [0.00957229, 0.810917, 0.0150933, 0.164417], 
              [0.43348, 0.453751, 0.0234942, 0.0892749], 
              [0.127549, 0.558993, 0.0905029, 0.222955]
            ]
          }, {
            "db": 0,
            "id": "MA0747.1",
            "alt": "SP8",
            "len": 12,
            "nsites": 167,
            "url": "http://jaspar2018.genereg.net/matrix/MA0747.1",
            "pwm": [
              [0.31134, 0.16173, 0.466936, 0.0599938], 
              [0.31575, 0.660573, 0.000149611, 0.0235276], 
              [0.122028, 0.814296, 0.000149611, 0.0635267], 
              [0.786661, 0.195299, 0.00606307, 0.0119765], 
              [0.0390153, 0.927372, 0.00570229, 0.027911], 
              [0.0933778, 0.138127, 0.622911, 0.145585], 
              [0.027911, 0.927372, 0.0334627, 0.011254], 
              [0.0117707, 0.970499, 0.0175812, 0.000149611], 
              [0.000149611, 0.897461, 0.0216417, 0.0807463], 
              [0.511208, 0.437388, 0.0342202, 0.0171844], 
              [0.0542842, 0.695566, 0.0875972, 0.162552], 
              [0.186785, 0.313215, 0.00617001, 0.49383]
            ]
          }, {
            "db": 0,
            "id": "MA0753.1",
            "alt": "ZNF740",
            "len": 10,
            "nsites": 2151,
            "url": "http://jaspar2018.genereg.net/matrix/MA0753.1",
            "pwm": [
              [0.273825, 0.462566, 0.177595, 0.0860146], 
              [0.077817, 0.853882, 0.0107301, 0.0575719], 
              [0.0620567, 0.914121, 0.00298648, 0.0208347], 
              [0.00949618, 0.971511, 0.00362445, 0.0153679], 
              [0.0090362, 0.970634, 0.00542637, 0.0149029], 
              [0.00363145, 0.973269, 0.00951318, 0.013586], 
              [0.0234105, 0.949636, 0.0167878, 0.0101661], 
              [0.0452735, 0.901479, 0.00965117, 0.0435976], 
              [0.680246, 0.185645, 0.0360629, 0.0980461], 
              [0.124574, 0.618798, 0.0529432, 0.203684]
            ]
          }, {
            "db": 0,
            "id": "MA0766.1",
            "alt": "GATA5",
            "len": 8,
            "nsites": 5288,
            "url": "http://jaspar2018.genereg.net/matrix/MA0766.1",
            "pwm": [
              [0.4461, 0.192891, 0.0313961, 0.329612], 
              [4.7276e-06, 4.7276e-06, 0.999986, 4.7276e-06], 
              [0.997871, 4.7276e-06, 0.00211969, 4.7276e-06], 
              [4.7276e-06, 4.7276e-06, 4.7276e-06, 0.999986], 
              [0.759243, 0.0589026, 0.00966054, 0.172193], 
              [0.719857, 0.0640865, 0.108639, 0.107418], 
              [0.169989, 0.300126, 0.419242, 0.110643], 
              [0.413308, 0.18101, 0.32005, 0.0856331]
            ]
          }, {
            "db": 0,
            "id": "MA0979.1",
            "alt": "ERF008",
            "len": 8,
            "nsites": 1000,
            "url": "http://jaspar2018.genereg.net/matrix/MA0979.1",
            "pwm": [
              [0.14801, 0.786946, 0.0240226, 0.0410209], 
              [0.334657, 0.0150085, 0.633329, 0.0170063], 
              [0.0270223, 0.888936, 0.0580192, 0.0260224], 
              [0.0390211, 0.933932, 0.0190231, 0.0080242], 
              [0.0659524, 0.0439766, 0.864075, 0.0259964], 
              [0.319673, 0.52345, 0.0559634, 0.100914], 
              [0.070018, 0.827942, 0.0680182, 0.0340216], 
              [0.100015, 0.416983, 0.328992, 0.15401]
            ]
          }, {
            "db": 0,
            "id": "MA1107.1",
            "alt": "KLF9",
            "len": 13,
            "nsites": 5754,
            "url": "http://jaspar2018.genereg.net/matrix/MA1107.1",
            "pwm": [
              [0.306916, 0.203164, 0.328814, 0.161107], 
              [0.165451, 0.251825, 0.494782, 0.0879418], 
              [0.215677, 0.675349, 0.0615253, 0.0474485], 
              [0.00417527, 0.983477, 0.00678223, 0.00556525], 
              [0.937249, 0.0425826, 0.0125171, 0.00765121], 
              [0.00417527, 0.97722, 0.0137341, 0.00487026], 
              [0.801867, 0.020511, 0.15711, 0.020511], 
              [0.00712922, 0.961232, 0.021554, 0.0100842], 
              [0.079947, 0.887893, 0.0168621, 0.0152981], 
              [0.00956318, 0.960016, 0.00921518, 0.021207], 
              [0.61209, 0.238443, 0.0582233, 0.0912438], 
              [0.0820329, 0.571075, 0.171012, 0.175879], 
              [0.210116, 0.382341, 0.150158, 0.257386]
            ]
          }, {
            "db": 0,
            "id": "MA1122.1",
            "alt": "TFDP1",
            "len": 11,
            "nsites": 2007,
            "url": "http://jaspar2018.genereg.net/matrix/MA1122.1",
            "pwm": [
              [0.204785, 0.244644, 0.387138, 0.163432], 
              [0.131047, 0.340802, 0.46835, 0.0598005], 
              [0.0239273, 0.0353867, 0.927719, 0.0129668], 
              [0.0139628, 0.939677, 0.0109739, 0.0353867], 
              [0.00698811, 0.0269171, 0.962595, 0.00350028], 
              [0.0179486, 0.0398705, 0.929214, 0.0129668], 
              [0.0134648, 0.0159557, 0.956118, 0.0144607], 
              [0.924231, 0.0119699, 0.048839, 0.0149597], 
              [0.819603, 0.0847122, 0.0682701, 0.0274151], 
              [0.23169, 0.322368, 0.322866, 0.123075], 
              [0.189839, 0.300944, 0.322866, 0.186351]
            ]
          }, {
            "db": 0,
            "id": "MA1204.1",
            "alt": "AGL13",
            "len": 18,
            "nsites": 219,
            "url": "http://jaspar2018.genereg.net/matrix/MA1204.1",
            "pwm": [
              [0.269397, 0.0138069, 0.000114103, 0.716682], 
              [0.0411913, 0.000114103, 0.00924194, 0.949453], 
              [0.561502, 0.00924194, 0.114217, 0.315038], 
              [0.00924194, 0.99053, 0.000114103, 0.000114103], 
              [0.000114103, 0.734939, 0.000114103, 0.264833], 
              [0.643656, 0.164423, 0.0320625, 0.159858], 
              [0.771451, 0.00924194, 0.0320625, 0.187244], 
              [0.999658, 0.000114103, 0.000114103, 0.000114103], 
              [0.794272, 0.000114103, 0.000114103, 0.205499], 
              [0.794272, 0.0366274, 0.0274986, 0.141602], 
              [0.369808, 0.0548841, 0.0685758, 0.506732], 
              [0.33786, 0.000114103, 0.661912, 0.000114103], 
              [0.000114103, 0.000114103, 0.99053, 0.00924194], 
              [0.547809, 0.0685758, 0.0229347, 0.36068], 
              [0.954017, 0.0138069, 0.000114103, 0.0320625], 
              [0.871862, 0.000114103, 0.0183708, 0.109653], 
