<!DOCTYPE HTML>
<html>
  <head>
    <meta charset="UTF-8">
    <title>SEA results</title>
    <script type="text/javascript">
      //@JSON_VAR data
      var data = {
        "version": "5.5.5",
        "revision": "18049e03f33776c99e0013a8718512c16cfb8a90",
        "release": "Thu Sep 14 08:48:04 2023 +1000",
        "program": "SEA",
        "cmd": [
          "sea", "--verbosity", "1", "--oc",
          "xstreme_example_output_files/sea_out", "--thresh", "0.05",
          "--order", "2", "--bfile",
          "xstreme_example_output_files/background", "--seed", "0", "--align",
          "center", "--motif-pseudo", "0.01", "--m",
          "xstreme_example_output_files/meme_out/meme.xml", "--m",
          "xstreme_example_output_files/streme_out/streme.xml", "--m",
          "JASPAR2018_CORE_non-redundant.meme", "--p",
          "nrmix.nseqs.100.100bp.seed.1.fa"
        ],
        "options": {
          "objfun": "Differential Enrichment",
          "test": "Fisher Exact Test",
          "order": 2,
          "seed": 0,
          "notrim": false,
          "pseudocount": 0.01,
          "thresh_type": "evalue",
          "thresh": 0.05,
          "hofract": 0.1,
          "is_holdout": true,
          "strands": "both",
          "align": "center",
          "noseqs": false
        },
        "motif_dbs": [
          {
            "source": "xstreme_example_output_files/meme_out/meme.xml",
            "count": 10
          }, {
            "source": "xstreme_example_output_files/streme_out/streme.xml",
            "count": 8
          }, {
            "source": "JASPAR2018_CORE_non-redundant.meme",
            "count": 1404
          }
        ],
        "alphabet": {
          "name": "DNA",
          "like": "dna",
          "ncore": 4,
          "symbols": [
            {
              "symbol": "A",
              "name": "Adenine",
              "colour": "CC0000",
              "complement": "T"
            }, {
              "symbol": "C",
              "name": "Cytosine",
              "colour": "0000CC",
              "complement": "G"
            }, {
              "symbol": "G",
              "name": "Guanine",
              "colour": "FFB300",
              "complement": "C"
            }, {
              "symbol": "T",
              "aliases": "U",
              "name": "Thymine",
              "colour": "008000",
              "complement": "A"
            }, {
              "symbol": "N",
              "aliases": "X.",
              "name": "Any base",
              "equals": "ACGT"
            }, {
              "symbol": "V",
              "name": "Not T",
              "equals": "ACG"
            }, {
              "symbol": "H",
              "name": "Not G",
              "equals": "ACT"
            }, {
              "symbol": "D",
              "name": "Not C",
              "equals": "AGT"
            }, {
              "symbol": "B",
              "name": "Not A",
              "equals": "CGT"
            }, {
              "symbol": "M",
              "name": "Amino",
              "equals": "AC"
            }, {
              "symbol": "R",
              "name": "Purine",
              "equals": "AG"
            }, {
              "symbol": "W",
              "name": "Weak",
              "equals": "AT"
            }, {
              "symbol": "S",
              "name": "Strong",
              "equals": "CG"
            }, {
              "symbol": "Y",
              "name": "Pyrimidine",
              "equals": "CT"
            }, {
              "symbol": "K",
              "name": "Keto",
              "equals": "GT"
            }
          ]
        },
        "background": {
          "source": "xstreme_example_output_files/background",
          "file": "nrmix.nseqs.100.100bp.seed.1.fa",
          "frequencies": [0.2219, 0.2781, 0.2781, 0.2219]
        },
        "sequence_db": {
          "source": "nrmix.nseqs.100.100bp.seed.1.fa",
          "count": 2100,
          "maxlen": 100,
          "holdout": 210
        },
        "control_db": {
          "from": "shuffled",
          "count": 2100,
          "holdout": 210
        },
        "motifs": [
          {
            "db": 1,
            "id": "2-GCTGAGTCATN",
            "alt": "STREME-2",
            "len": 11,
            "consensus": "GCTGAGTCATN",
            "motif_evalue": 0.000105662,
            "motif_nsites": 181,
            "pwm": [
              [0.0165779, 0.0206047, 0.928729, 0.034088], 
              [0.157309, 0.767672, 0.0477028, 0.0273168], 
              [0.0137716, 0.000286985, 0.000286985, 0.985655], 
              [0.000228989, 0.00705697, 0.978945, 0.013769], 
              [0.97211, 0.000286985, 0.00705697, 0.0205467], 
              [0.0273116, 0.217061, 0.755399, 0.000228989], 
              [0.000228989, 0.000286985, 0.000286985, 0.999197], 
              [0.00303793, 0.996446, 0.000286985, 0.000228989], 
              [0.999197, 0.000286985, 0.000286985, 0.000228989], 
              [0.0205415, 0.185993, 0.103196, 0.69027], 
              [0.218358, 0.290511, 0.31878, 0.172352]
            ],
            "pvalue": "1.41e-40",
            "log_pvalue": -91.7587,
            "evalue": "2.01e-37",
            "log_evalue": -84.4989,
            "qvalue": "1.46e-37",
            "log_qvalue": -84.816,
            "tp": 160,
            "fp": 7,
            "enr_ratio": 20.125,
            "score_thresh": 11.4493,
            "total_sites": 160,
            "site_distr": [
              1, 0, 0, 0, 0, 0, 2, 1, 0, 0, 1, 1, 0, 2, 1, 0, 0, 0, 3, 2, 1,
              1, 1, 1, 2, 1, 5, 4, 3, 2, 3, 3, 3, 2, 1, 2, 6, 5, 3, 1, 0, 4,
              5, 2, 4, 3, 4, 4, 0, 1, 3, 5, 3, 4, 6, 4, 3, 4, 4, 0, 2, 0, 4,
              1, 2, 2, 0, 0, 2, 0, 4, 0, 1, 1, 0, 0, 1, 1, 1, 0, 1, 1, 1, 1,
              0, 0, 1, 1, 3, 2
            ],
            "max_sites": 3,
            "site_hist": [0, 153, 6, 1]
          }, {
            "db": 0,
            "id": "CCASYAGRKGGCRSY",
            "alt": "MEME-4",
            "len": 15,
            "consensus": "CCASYAGRKGGCRSY",
            "motif_evalue": 4.6e-56,
            "motif_nsites": 214,
            "pwm": [
              [0.0607555, 0.887822, 1.29947e-05, 0.05141], 
              [1.03687e-05, 0.995293, 1.29947e-05, 0.00468315], 
              [0.668203, 0.00935856, 0.168229, 0.154209], 
              [1.03687e-05, 0.607462, 0.392518, 1.03687e-05], 
              [0.140191, 0.383173, 0.11683, 0.359807], 
              [0.813056, 1.29947e-05, 0.0794483, 0.107482], 
              [1.03687e-05, 1.29947e-05, 0.999966, 1.03687e-05], 
              [0.350461, 1.29947e-05, 0.64017, 0.00935593], 
              [0.0467372, 1.29947e-05, 0.630825, 0.322425], 
              [1.03687e-05, 1.29947e-05, 0.999966, 1.03687e-05], 
              [0.0327188, 1.29947e-05, 0.925204, 0.0420644], 
              [0.186918, 0.719605, 1.29947e-05, 0.093464], 
              [0.336444, 0.0514126, 0.565408, 0.0467372], 
              [0.0981368, 0.528025, 0.303737, 0.0701001], 
              [0.144864, 0.364482, 0.11683, 0.373825]
            ],
            "pvalue": "2.07e-38",
            "log_pvalue": -86.7711,
            "evalue": "2.94e-35",
            "log_evalue": -79.5113,
            "qvalue": "1.07e-35",
            "log_qvalue": -80.5216,
            "tp": 169,
            "fp": 12,
            "enr_ratio": 13.0769,
            "score_thresh": 11.8046,
            "total_sites": 169,
            "site_distr": [
              1, 0, 0, 2, 1, 1, 2, 0, 0, 1, 2, 2, 1, 0, 1, 0, 1, 1, 2, 3, 0,
              1, 2, 2, 0, 2, 5, 1, 2, 3, 3, 2, 1, 6, 3, 3, 0, 5, 0, 5, 2, 3,
              3, 6, 3, 6, 2, 3, 5, 1, 2, 3, 1, 3, 1, 5, 5, 3, 2, 2, 4, 3, 1,
              2, 1, 3, 1, 3, 5, 0, 0, 1, 3, 2, 0, 1, 0, 2, 1, 1, 3, 1, 0, 1,
              0, 2
            ],
            "max_sites": 2,
            "site_hist": [0, 167, 2]
          }, {
            "db": 1,
            "id": "1-CCASYAGRGGGCGCY",
            "alt": "STREME-1",
            "len": 15,
            "consensus": "CCASYAGRGGGCGCY",
            "motif_evalue": 0.000100802,
            "motif_nsites": 170,
            "pwm": [
              [0.0633584, 0.890262, 0.000246733, 0.0461325], 
              [0.000196871, 0.99936, 0.000246733, 0.000196871], 
              [0.666272, 0.0461824, 0.195478, 0.0920682], 
              [0.0346486, 0.59742, 0.367735, 0.000196871], 
              [0.0920704, 0.448125, 0.109346, 0.350458], 
              [0.907436, 0.000246733, 0.000246733, 0.0920704], 
              [0.000196871, 0.000246733, 0.99936, 0.000196871], 
              [0.448072, 0.0117307, 0.540001, 0.000196871], 
              [0.000196871, 0.000246733, 0.712261, 0.287295], 
              [0.000196871, 0.00598869, 0.993618, 0.000196871], 
              [0.000196871, 0.0461845, 0.901742, 0.0518767], 
              [0.172456, 0.712261, 0.00598869, 0.109294], 
              [0.29878, 0.0748922, 0.626131, 0.000196871], 
              [0.115036, 0.603162, 0.247153, 0.0346486], 
              [0.160972, 0.379216, 0.115089, 0.344724]
            ],
            "pvalue": "7.39e-37",
            "log_pvalue": -83.1954,
            "evalue": "1.05e-33",
            "log_evalue": -75.9355,
            "qvalue": "2.55e-34",
            "log_qvalue": -77.3513,
            "tp": 151,
            "fp": 8,
            "enr_ratio": 16.8889,
            "score_thresh": 12.262,
            "total_sites": 151,
            "site_distr": [
              1, 0, 0, 2, 1, 1, 0, 0, 0, 1, 2, 1, 1, 0, 1, 0, 1, 1, 3, 3, 0,
              1, 2, 2, 0, 2, 3, 1, 3, 2, 3, 2, 1, 5, 3, 2, 0, 6, 0, 6, 2, 5,
              3, 5, 3, 5, 3, 2, 4, 1, 2, 2, 1, 2, 1, 4, 4, 3, 1, 2, 3, 3, 0,
              0, 1, 2, 1, 3, 4, 0, 0, 0, 3, 2, 0, 2, 0, 2, 0, 0, 2, 1, 0, 2,
              0, 2
            ],
            "max_sites": 2,
            "site_hist": [0, 150, 1]
          }, {
            "db": 2,
            "id": "MA0139.1",
            "alt": "CTCF",
            "len": 19,
            "consensus": "YGRCCASYAGRKGGCRSYR",
            "motif_evalue": 0,
            "motif_nsites": 913,
            "url": "http://jaspar2018.genereg.net/matrix/MA0139.1",
            "pwm": [
              [0.0952914, 0.318729, 0.0832441, 0.502735], 
              [0.182913, 0.158818, 0.453448, 0.204819], 
              [0.307776, 0.0536715, 0.491783, 0.14677], 
              [0.0613378, 0.876225, 0.0230038, 0.039432], 
              [0.00876433, 0.989039, 3.04597e-06, 0.00219341], 
              [0.81489, 0.0142419, 0.0711963, 0.0996723], 
              [0.043814, 0.57831, 0.365826, 0.0120503], 
              [0.117326, 0.474779, 0.0526345, 0.355262], 
              [0.933106, 0.0120639, 0.0350907, 0.0197392], 
              [0.00549037, 3.04597e-06, 0.99121, 0.00329539], 
              [0.36553, 0.00329601, 0.621291, 0.00988132], 
              [0.0592778, 0.0131749, 0.553235, 0.374312], 
              [0.0131893, 3.04597e-06, 0.978014, 0.00879333], 
              [0.0615398, 0.00879395, 0.851642, 0.0780236], 
              [0.114412, 0.806375, 0.00550399, 0.0737086], 
              [0.409239, 0.0143039, 0.557753, 0.0187042], 
              [0.0903094, 0.530834, 0.338105, 0.040751], 
              [0.128856, 0.354625, 0.0803982, 0.436121], 
              [0.442729, 0.19934, 0.292952, 0.0649797]
            ],
            "pvalue": "4.03e-36",
            "log_pvalue": -81.5004,
            "evalue": "5.72e-33",
            "log_evalue": -74.2406,
            "qvalue": "1.04e-33",
            "log_qvalue": -75.944,
            "tp": 178,
            "fp": 18,
            "enr_ratio": 9.42105,
            "score_thresh": 10.108,
            "total_sites": 178,
            "site_distr": [
              1, 0, 4, 3, 1, 1, 0, 1, 2, 2, 0, 2, 1, 0, 2, 2, 4, 2, 0, 2, 2,
              0, 3, 5, 1, 4, 1, 2, 3, 2, 3, 5, 6, 1, 3, 0, 5, 1, 5, 1, 7, 2,
              6, 4, 4, 4, 1, 4, 2, 2, 1, 0, 6, 2, 1, 5, 3, 2, 2, 2, 4, 2, 2,
              1, 1, 3, 3, 3, 1, 1, 4, 2, 1, 0, 1, 0, 1, 0, 1, 2, 2, 0
            ],
            "max_sites": 2,
            "site_hist": [0, 173, 5]
          }, {
            "db": 2,
            "id": "MA1101.1",
            "alt": "BACH2",
            "len": 14,
            "consensus": "NMTGACTCAGCANH",
            "motif_evalue": 0,
            "motif_nsites": 1895,
            "url": "http://jaspar2018.genereg.net/matrix/MA1101.1",
            "pwm": [
              [0.190501, 0.259631, 0.359894, 0.189974], 
              [0.449603, 0.273879, 0.223219, 0.0532989], 
              [0.00580614, 0.0100274, 0.00527844, 0.978888], 
              [0.0116101, 0.00738943, 0.943004, 0.037996], 
              [0.9715, 0.0100274, 0.00791743, 0.0105551], 
              [0.038523, 0.760419, 0.153563, 0.0474939], 
              [0.0580479, 0.00791743, 0.0158324, 0.918202], 
              [0.032191, 0.949336, 0.00738943, 0.0110831], 
              [0.957252, 0.00686143, 0.0163604, 0.0195261], 
              [0.023748, 0.0253313, 0.864905, 0.0860167], 
              [0.04169, 0.886541, 0.0453842, 0.026386], 
              [0.703955, 0.084434, 0.090238, 0.121373], 
              [0.270185, 0.213193, 0.26438, 0.252243], 
              [0.279683, 0.194723, 0.155146, 0.370448]
            ],
            "pvalue": "1.29e-35",
            "log_pvalue": -80.3373,
            "evalue": "1.83e-32",
            "log_evalue": -73.0775,
            "qvalue": "2.67e-33",
            "log_qvalue": -75.004,
            "tp": 168,
            "fp": 15,
            "enr_ratio": 10.5625,
            "score_thresh": 11.1506,
            "total_sites": 168,
            "site_distr": [
              1, 1, 0, 1, 1, 0, 0, 0, 0, 0, 2, 1, 0, 2, 0, 4, 1, 0, 1, 2, 0,
              1, 1, 3, 2, 1, 3, 5, 3, 2, 2, 1, 4, 4, 1, 5, 2, 3, 2, 2, 0, 4,
              5, 7, 3, 2, 1, 3, 2, 2, 5, 6, 2, 2, 4, 8, 3, 7, 1, 3, 3, 2, 6,
              1, 0, 1, 0, 2, 3, 1, 4, 1, 1, 0, 1, 0, 1, 1, 0, 1, 0, 1, 0, 0,
              0, 2, 2
            ],
            "max_sites": 3,
            "site_hist": [0, 144, 22, 2]
          }, {
            "db": 2,
            "id": "MA0150.2",
            "alt": "Nfe2l2",
            "len": 15,
            "consensus": "CASNATGACTCAGCA",
            "motif_evalue": 0,
            "motif_nsites": 726,
            "url": "http://jaspar2018.genereg.net/matrix/MA0150.2",
            "pwm": [
              [0.22865, 0.465562, 0.15014, 0.155648], 
              [0.552337, 0.10744, 0.219009, 0.121213], 
              [0.162535, 0.3292, 0.378787, 0.129478], 
              [0.279613, 0.340219, 0.209367, 0.1708], 
              [0.67217, 0.0385703, 0.282369, 0.00688996], 
              [3.05643e-06, 3.83052e-06, 3.83052e-06, 0.999989], 
              [3.05643e-06, 3.83052e-06, 0.979329, 0.0206638], 
              [0.999989, 3.83052e-06, 3.83052e-06, 3.05643e-06], 
              [0.0275507, 0.734154, 0.162536, 0.07576], 
              [0.115703, 0.0275515, 0.0220425, 0.834703], 
              [0.0895338, 0.756191, 0.063364, 0.0909108], 
              [0.794758, 0.00413577, 0.123969, 0.077137], 
              [0.0137769, 0.0151556, 0.961424, 0.00964492], 
              [0.00551298, 0.962801, 0.0261745, 0.00551298], 
              [0.858118, 0.0358163, 0.0427032, 0.0633632]
            ],
            "pvalue": "7.11e-35",
            "log_pvalue": -78.6286,
            "evalue": "1.01e-31",
            "log_evalue": -71.3688,
            "qvalue": "1.23e-32",
            "log_qvalue": -73.4777,
            "tp": 196,
            "fp": 27,
            "enr_ratio": 7.03571,
            "score_thresh": 9.11703,
            "total_sites": 196,
            "site_distr": [
              0, 0, 2, 1, 1, 1, 1, 2, 0, 1, 3, 1, 2, 2, 1, 0, 1, 4, 1, 0, 3,
              1, 1, 4, 2, 5, 2, 1, 2, 6, 1, 3, 2, 3, 5, 4, 2, 4, 3, 5, 4, 2,
              4, 2, 4, 5, 2, 4, 6, 3, 3, 5, 5, 6, 6, 2, 1, 5, 1, 6, 0, 1, 5,
              2, 2, 2, 0, 3, 1, 3, 1, 2, 3, 1, 0, 0, 3, 0, 0, 1, 0, 3, 0, 1,
              1, 2
            ],
            "max_sites": 2,
            "site_hist": [0, 184, 12]
          }, {
            "db": 2,
            "id": "MA0490.1",
            "alt": "JUNB",
            "len": 11,
            "consensus": "NRRTGASTCAK",
            "motif_evalue": 0,
            "motif_nsites": 16992,
            "url": "http://jaspar2018.genereg.net/matrix/MA0490.1",
            "pwm": [
              [0.212159, 0.198093, 0.352107, 0.237641], 
              [0.297493, 0.0622061, 0.495939, 0.144362], 
              [0.493409, 0.0342511, 0.47234, 1.30591e-07], 
              [1.30591e-07, 1.63665e-07, 1.63665e-07, 1], 
              [1.30591e-07, 1.63665e-07, 1, 1.30591e-07], 
              [1, 1.63665e-07, 1.63665e-07, 1.30591e-07], 
              [1.30591e-07, 0.580214, 0.369645, 0.0501411], 
              [1.30591e-07, 1.63665e-07, 1.63665e-07, 1], 
              [0.0739171, 0.926083, 1.63665e-07, 1.30591e-07], 
              [1, 1.63665e-07, 1.63665e-07, 1.30591e-07], 
              [0.0433151, 0.174317, 0.359993, 0.422375]
            ],
            "pvalue": "2.45e-33",
            "log_pvalue": -75.0872,
            "evalue": "3.49e-30",
            "log_evalue": -67.8274,
            "qvalue": "3.63e-31",
            "log_qvalue": -70.0904,
            "tp": 219,
            "fp": 40,
            "enr_ratio": 5.36585,
            "score_thresh": 9.01613,
            "total_sites": 219,
            "site_distr": [
              0, 1, 0, 0, 2, 2, 0, 1, 3, 1, 0, 0, 3, 1, 2, 1, 0, 0, 3, 7, 0,
              2, 4, 4, 0, 4, 4, 6, 2, 2, 6, 1, 2, 7, 2, 5, 5, 7, 3, 3, 2, 4,
              3, 5, 1, 1, 2, 2, 3, 0, 5, 7, 3, 5, 7, 6, 3, 6, 2, 5, 0, 5, 0,
              2, 3, 3, 4, 2, 0, 5, 1, 4, 2, 0, 0, 1, 1, 1, 1, 2, 1, 5, 0, 1,
              1, 1, 1, 1, 1, 2
            ],
            "max_sites": 5,
            "site_hist": [0, 80, 123, 7, 8, 1]
          }, {
            "db": 2,
            "id": "MA1134.1",
            "alt": "FOS::JUNB",
            "len": 12,
            "consensus": "KATGASTCATHN",
            "motif_evalue": 0,
            "motif_nsites": 1000,
            "url": "http://jaspar2018.genereg.net/matrix/MA1134.1",
            "pwm": [
              [0.174, 0.168001, 0.371999, 0.285999], 
              [0.592404, 0.104897, 0.266733, 0.0359659], 
              [0.00100121, 0.00100177, 0.00100177, 0.996995], 
              [0.00100121, 0.00100177, 0.867127, 0.13087], 
              [0.964993, 0.0300025, 0.00100277, 0.00400218], 
              [0.0480017, 0.309, 0.617997, 0.025002], 
              [0.00100121, 0.00100177, 0.00299975, 0.994997], 
              [0.0270019, 0.970993, 0.00100277, 0.00100221], 
              [0.996995, 0.00100177, 0.00100177, 0.00100121], 
              [0.00700215, 0.284, 0.0510023, 0.657996], 
              [0.274999, 0.362999, 0.178001, 0.184], 
              [0.283282, 0.304304, 0.256256, 0.156157]
            ],
            "pvalue": "1.19e-32",
            "log_pvalue": -73.5114,
            "evalue": "1.69e-29",
            "log_evalue": -66.2515,
            "qvalue": "1.54e-30",
            "log_qvalue": -68.6481,
            "tp": 199,
            "fp": 32,
            "enr_ratio": 6.06061,
            "score_thresh": 9.48301,
            "total_sites": 199,
            "site_distr": [
              1, 0, 1, 0, 0, 1, 1, 2, 0, 1, 0, 0, 3, 2, 1, 0, 0, 0, 5, 1, 4,
              1, 2, 2, 1, 4, 7, 3, 1, 4, 1, 4, 3, 2, 3, 3, 11, 1, 5, 1, 3, 3,
              4, 3, 1, 4, 1, 2, 0, 1, 7, 5, 4, 5, 10, 1, 6, 2, 5, 1, 1, 2, 3,
              2, 5, 3, 1, 3, 2, 2, 4, 1, 2, 1, 0, 0, 1, 2, 1, 1, 3, 2, 1, 1,
              0, 1, 1, 1, 2
            ],
            "max_sites": 5,
            "site_hist": [0, 51, 131, 6, 10, 1]
          }, {
            "db": 2,
            "id": "MA0476.1",
            "alt": "FOS",
            "len": 11,
            "consensus": "DVTGASTCATB",
            "motif_evalue": 0,
            "motif_nsites": 29396,
            "url": "http://jaspar2018.genereg.net/matrix/MA0476.1",
            "pwm": [
              [0.26803, 0.0242211, 0.329501, 0.378249], 
              [0.254286, 0.346204, 0.368792, 0.0307181], 
              [7.54865e-08, 9.46046e-08, 9.46046e-08, 1], 
              [7.54865e-08, 9.46046e-08, 0.922166, 0.077834], 
              [1, 9.46046e-08, 9.46046e-08, 7.54865e-08], 
              [0.0339501, 0.478943, 0.381208, 0.105899], 
              [7.54865e-08, 9.46046e-08, 9.46046e-08, 1], 
              [7.54865e-08, 1, 9.46046e-08, 7.54865e-08], 
              [1, 9.46046e-08, 9.46046e-08, 7.54865e-08], 
              [0.00877707, 0.198088, 0.0523201, 0.740815], 
              [0.136277, 0.280174, 0.268642, 0.314907]
            ],
            "pvalue": "2.11e-30",
            "log_pvalue": -68.3285,
            "evalue": "3.01e-27",
            "log_evalue": -61.0687,
            "qvalue": "2.43e-28",
            "log_qvalue": -63.5831,
            "tp": 172,
            "fp": 24,
            "enr_ratio": 6.92,
            "score_thresh": 11.1051,
            "total_sites": 172,
            "site_distr": [
              1, 0, 0, 2, 0, 0, 2, 1, 0, 0, 1, 0, 0, 3, 2, 0, 0, 0, 3, 2, 1,
              1, 1, 1, 2, 1, 6, 3, 3, 2, 2, 4, 5, 2, 3, 3, 8, 4, 3, 2, 1, 3,
              5, 2, 3, 3, 4, 2, 0, 1, 2, 5, 5, 4, 6, 5, 4, 3, 5, 0, 1, 0, 2,
              2, 1, 3, 0, 0, 4, 0, 4, 0, 1, 2, 0, 0, 0, 1, 1, 1, 3, 1, 2, 1,
              0, 0, 1, 1, 2, 1
            ],
            "max_sites": 2,
            "site_hist": [0, 162, 10]
          }, {
            "db": 0,
            "id": "VATGACTCAG",
            "alt": "MEME-2",
            "len": 10,
            "consensus": "VATGACTCAG",
            "motif_evalue": 3.5e-62,
            "motif_nsites": 210,
            "pwm": [
              [0.219048, 0.24762, 0.361901, 0.171431], 
              [0.638075, 0.0619153, 0.299999, 1.05662e-05], 
              [1.05662e-05, 1.32422e-05, 1.32422e-05, 0.999963], 
              [1.05662e-05, 1.32422e-05, 0.98568, 0.0142959], 
              [0.999963, 1.32422e-05, 1.32422e-05, 1.05662e-05], 
              [0.00477234, 0.766644, 0.200004, 0.0285802], 
              [1.05662e-05, 1.32422e-05, 1.32422e-05, 0.999963], 
              [0.0190577, 0.980919, 1.32422e-05, 1.05662e-05], 
              [0.999963, 1.32422e-05, 1.32422e-05, 1.05662e-05], 
              [0.0238194, 0.0857232, 0.723789, 0.16667]
            ],
            "pvalue": "2.65e-30",
            "log_pvalue": -68.1013,
            "evalue": "3.77e-27",
            "log_evalue": -60.8415,
            "qvalue": "2.75e-28",
            "log_qvalue": -63.4612,
            "tp": 149,
            "fp": 15,
            "enr_ratio": 9.375,
            "score_thresh": 12.5596,
            "total_sites": 149,
            "site_distr": [
              0, 1, 0, 0, 1, 0, 3, 1, 1, 0, 1, 0, 0, 1, 2, 0, 0, 0, 0, 3, 0,
              1, 1, 1, 0, 2, 3, 7, 2, 1, 3, 1, 2, 4, 1, 2, 5, 7, 1, 4, 0, 3,
              4, 4, 2, 1, 2, 3, 1, 0, 1, 4, 1, 3, 6, 6, 1, 4, 2, 5, 0, 1, 2,
              2, 1, 2, 5, 0, 2, 1, 2, 3, 1, 1, 0, 0, 0, 0, 1, 1, 0, 2, 1, 1,
              0, 0, 0, 1, 2, 1, 1
            ],
            "max_sites": 4,
            "site_hist": [0, 126, 21, 1, 1]
          }, {
            "db": 2,
            "id": "MA0099.3",
            "alt": "FOS::JUN",
            "len": 10,
            "consensus": "ATGAGTCAYM",
            "motif_evalue": 0,
            "motif_nsites": 1000,
            "url": "http://jaspar2018.genereg.net/matrix/MA0099.3",
            "pwm": [
              [0.591996, 0.111002, 0.257, 0.0400018], 
              [0.00300219, 0.00500273, 0.00200276, 0.989992], 
              [0.00700215, 0.00100277, 0.823995, 0.168001], 
              [0.819994, 0.131001, 0.00400274, 0.0450018], 
              [0.0780014, 0.180001, 0.687996, 0.0540017], 
              [0.00500217, 0.00200276, 0.00200276, 0.990992], 
              [0.0300019, 0.962993, 0.00300275, 0.00400218], 
              [0.991992, 0.00200276, 0.00200276, 0.00400218], 
              [0.024002, 0.313, 0.0950018, 0.567997], 
              [0.276999, 0.396999, 0.164001, 0.162001]
            ],
            "pvalue": "7.07e-29",
            "log_pvalue": -64.8189,
            "evalue": "1.01e-25",
            "log_evalue": -57.5591,
            "qvalue": "6.15e-27",
            "log_qvalue": -60.354,
            "tp": 203,
            "fp": 41,
            "enr_ratio": 4.85714,
            "score_thresh": 10.0426,
            "total_sites": 203,
            "site_distr": [
              0, 1, 0, 1, 0, 0, 1, 1, 3, 0, 2, 0, 0, 4, 1, 3, 0, 0, 1, 4, 2,
              3, 1, 1, 1, 3, 4, 7, 2, 3, 4, 2, 4, 3, 2, 3, 6, 9, 1, 5, 1, 2,
              4, 3, 3, 2, 3, 1, 2, 0, 1, 6, 5, 6, 4, 7, 3, 5, 3, 5, 1, 1, 3,
              1, 2, 5, 2, 1, 2, 3, 3, 3, 1, 3, 0, 0, 0, 1, 3, 1, 1, 3, 1, 2,
              1, 0, 1, 0, 2, 1, 1
            ],
            "max_sites": 5,
            "site_hist": [0, 84, 103, 8, 7, 1]
          }, {
            "db": 2,
            "id": "MA1135.1",
            "alt": "FOSB::JUNB",
            "len": 10,
            "consensus": "KRTGASTCAT",
            "motif_evalue": 0,
            "motif_nsites": 1000,
            "url": "http://jaspar2018.genereg.net/matrix/MA1135.1",
            "pwm": [
              [0.119001, 0.182001, 0.428998, 0.27], 
              [0.597996, 0.0610022, 0.321, 0.020002], 
              [0.00100221, 2.78097e-06, 0.00100277, 0.997992], 
              [0.00100221, 2.78097e-06, 0.979993, 0.019002], 
              [0.996992, 0.00100277, 0.00100277, 0.00100221], 
              [0.0340019, 0.595997, 0.309, 0.0610016], 
              [0.0020022, 0.00100277, 0.0390024, 0.957993], 
              [0.190809, 0.807188, 0.00100177, 0.00100121], 
              [0.997992, 2.78097e-06, 0.00100277, 0.00100221], 
              [0.0370018, 0.259, 0.126002, 0.577996]
            ],
            "pvalue": "7.12e-29",
            "log_pvalue": -64.8118,
            "evalue": "1.01e-25",
            "log_evalue": -57.5519,
            "qvalue": "6.15e-27",
            "log_qvalue": -60.354,
            "tp": 211,
            "fp": 45,
            "enr_ratio": 4.6087,
            "score_thresh": 9.34233,
            "total_sites": 211,
            "site_distr": [
              0, 1, 0, 0, 1, 0, 3, 0, 2, 0, 3, 0, 0, 4, 4, 1, 0, 0, 1, 4, 3,
              4, 2, 1, 2, 3, 3, 6, 3, 2, 3, 2, 4, 4, 3, 2, 9, 6, 3, 4, 1, 2,
              5, 2, 3, 2, 3, 2, 2, 0, 2, 5, 6, 4, 6, 5, 2, 7, 2, 7, 0, 1, 3,
              2, 2, 4, 4, 1, 2, 3, 3, 3, 0, 3, 0, 0, 0, 2, 1, 2, 3, 2, 1, 1,
              1, 1, 1, 0, 2, 1, 1
            ],
            "max_sites": 6,
            "site_hist": [0, 48, 144, 5, 13, 0, 1]
          }, {
            "db": 2,
            "id": "MA0489.1",
            "alt": "JUN(var.2)",
            "len": 14,
            "consensus": "RRRRRRTGASTCAT",
            "motif_evalue": 0,
            "motif_nsites": 10956,
            "url": "http://jaspar2018.genereg.net/matrix/MA0489.1",
            "pwm": [
              [0.442862, 0.114093, 0.257211, 0.185834], 
              [0.358434, 0.120847, 0.375137, 0.145582], 
              [0.340088, 0.102866, 0.395217, 0.161829], 
              [0.401241, 0.10241, 0.3159, 0.180449], 
              [0.378423, 0.0541262, 0.384538, 0.182913], 
              [0.541256, 0.0906352, 0.368109, 2.02537e-07], 
              [2.02537e-07, 2.53833e-07, 2.53833e-07, 0.999999], 
              [2.02537e-07, 2.53833e-07, 0.999999, 2.02537e-07], 
              [0.999725, 2.53833e-07, 2.53833e-07, 0.000274202], 
              [0.0348672, 0.520628, 0.373311, 0.0711941], 
              [0.0181642, 2.53833e-07, 2.53833e-07, 0.981835], 
              [0.0872581, 0.912741, 2.53833e-07, 2.02537e-07], 
              [0.999999, 2.53833e-07, 2.53833e-07, 2.02537e-07], 
              [0.0343192, 0.229007, 0.24142, 0.495254]
            ],
            "pvalue": "1.21e-28",
            "log_pvalue": -64.2792,
            "evalue": "1.73e-25",
            "log_evalue": -57.0194,
            "qvalue": "9.66e-27",
            "log_qvalue": -59.9015,
            "tp": 200,
            "fp": 40,
            "enr_ratio": 4.90244,
            "score_thresh": 9.4959,
            "total_sites": 200,
            "site_distr": [
              0, 1, 2, 0, 1, 0, 0, 1, 3, 2, 0, 1, 1, 1, 4, 3, 2, 0, 0, 3, 3,
              1, 4, 4, 2, 4, 2, 7, 3, 4, 4, 3, 5, 7, 4, 2, 2, 5, 5, 3, 4, 1,
              5, 3, 0, 0, 3, 6, 3, 2, 2, 3, 3, 4, 5, 4, 2, 2, 4, 6, 0, 3, 1,
              3, 1, 1, 4, 1, 0, 4, 0, 3, 0, 2, 1, 0, 1, 2, 2, 0, 0, 2, 1, 3,
              3, 1, 0
            ],
            "max_sites": 5,
            "site_hist": [0, 79, 110, 6, 4, 1]
          }, {
            "db": 2,
            "id": "MA1141.1",
            "alt": "FOS::JUND",
            "len": 13,
            "consensus": "NKATGAGTCATNN",
            "motif_evalue": 0,
            "motif_nsites": 1000,
            "url": "http://jaspar2018.genereg.net/matrix/MA1141.1",
            "pwm": [
              [0.183, 0.244, 0.315, 0.258], 
              [0.181818, 0.166834, 0.38861, 0.262737], 
              [0.592404, 0.103898, 0.265734, 0.0379638], 
              [2.21898e-06, 0.00100277, 2.78097e-06, 0.998992], 
              [2.21898e-06, 2.78097e-06, 0.870994, 0.129001], 
              [0.893993, 0.0910019, 2.78097e-06, 0.0150021], 
              [0.0749265, 0.0399624, 0.866128, 0.018983], 
              [2.21898e-06, 2.78097e-06, 2.78097e-06, 0.999992], 
              [0.0290309, 0.970964, 2.78097e-06, 2.21898e-06], 
              [0.999992, 2.78097e-06, 2.78097e-06, 2.21898e-06], 
              [0.021002, 0.29, 0.077002, 0.611996], 
              [0.25, 0.369999, 0.195001, 0.185], [0.264, 0.264, 0.292, 0.18]
            ],
            "pvalue": "2.65e-28",
            "log_pvalue": -63.4989,
            "evalue": "3.76e-25",
            "log_evalue": -56.2391,
            "qvalue": "1.96e-26",
            "log_qvalue": -59.1953,
            "tp": 255,
            "fp": 70,
            "enr_ratio": 3.60563,
            "score_thresh": 7.64782,
            "total_sites": 255,
            "site_distr": [
              1, 0, 1, 0, 1, 3, 2, 1, 1, 1, 1, 2, 5, 4, 1, 0, 2, 5, 3, 5, 2,
              1, 2, 3, 2, 8, 5, 4, 4, 3, 3, 4, 2, 5, 5, 9, 6, 5, 4, 2, 4, 4,
              2, 4, 3, 4, 3, 0, 1, 3, 7, 8, 4, 7, 6, 7, 4, 7, 3, 1, 0, 6, 4,
              2, 5, 1, 1, 5, 0, 5, 1, 1, 3, 0, 0, 1, 2, 3, 2, 3, 1, 2, 1, 1,
              0, 2, 1, 2
            ],
            "max_sites": 3,
            "site_hist": [0, 227, 26, 2]
          }, {
            "db": 2,
            "id": "MA1128.1",
            "alt": "FOSL1::JUN",
            "len": 13,
            "consensus": "NKATGACTCATNN",
            "motif_evalue": 0,
            "motif_nsites": 1000,
            "url": "http://jaspar2018.genereg.net/matrix/MA1128.1",
            "pwm": [
              [0.208, 0.246, 0.253, 0.292999], 
              [0.172, 0.159001, 0.379999, 0.288999], 
              [0.601996, 0.0890019, 0.283, 0.026002], 
              [0.00100221, 0.00200276, 0.00100277, 0.995992], 
              [0.00300219, 0.00200276, 0.956993, 0.0380018], 
              [0.992999, 0.00200076, 0.00200076, 0.00299919], 
              [0.026002, 0.825995, 0.0510023, 0.0970012], 
              [0.0329689, 0.00200076, 0.139861, 0.825169], 
              [0.159001, 0.834994, 0.00200276, 0.00400218], 
              [0.983009, 0.00399874, 0.00899369, 0.00399818], 
              [0.0570016, 0.245, 0.119002, 0.578996], 
              [0.295999, 0.308, 0.173001, 0.223], 
              [0.277276, 0.289289, 0.237237, 0.196196]
            ],
            "pvalue": "4.68e-28",
            "log_pvalue": -62.9281,
            "evalue": "6.66e-25",
            "log_evalue": -55.6683,
            "qvalue": "3.23e-26",
            "log_qvalue": -58.6935,
            "tp": 245,
            "fp": 65,
            "enr_ratio": 3.72727,
            "score_thresh": 8.77983,
            "total_sites": 245,
            "site_distr": [
              1, 0, 1, 0, 0, 2, 2, 1, 2, 1, 0, 2, 4, 3, 1, 0, 2, 4, 3, 2, 2,
              1, 1, 3, 2, 9, 5, 4, 4, 3, 3, 4, 2, 5, 4, 9, 5, 5, 3, 3, 4, 4,
              2, 4, 3, 4, 3, 0, 1, 3, 7, 8, 4, 7, 6, 6, 4, 7, 3, 1, 0, 6, 4,
              2, 5, 1, 1, 5, 0, 5, 1, 1, 3, 1, 0, 1, 2, 3, 1, 3, 1, 2, 1, 1,
              0, 2, 1, 3
            ],
            "max_sites": 3,
            "site_hist": [0, 222, 21, 2]
          }, {
            "db": 2,
            "id": "MA1144.1",
            "alt": "FOSL2::JUND",
            "len": 10,
            "consensus": "KATGACTCAT",
            "motif_evalue": 0,
            "motif_nsites": 1001,
            "url": "http://jaspar2018.genereg.net/matrix/MA1144.1",
            "pwm": [
              [0.136864, 0.142858, 0.445552, 0.274724], 
              [0.634631, 0.0600622, 0.291291, 0.0140161], 
              [2.21676e-06, 2.77819e-06, 2.77819e-06, 0.999992], 
              [2.21676e-06, 2.77819e-06, 0.989993, 0.0100021], 
              [0.998991, 0.00100377, 2.77819e-06, 2.21676e-06], 
              [0.0460018, 0.603997, 0.292, 0.0580016], 
              [0.00600216, 2.77819e-06, 0.0600022, 0.933993], 
              [0.140001, 0.859994, 2.77819e-06, 2.21676e-06], 
              [0.999992, 2.77819e-06, 2.77819e-06, 2.21676e-06], 
              [0.0380018, 0.266, 0.113002, 0.582996]
            ],
            "pvalue": "5.14e-27",
            "log_pvalue": -60.5331,
            "evalue": "7.31e-24",
            "log_evalue": -53.2733,
            "qvalue": "3.33e-25",
            "log_qvalue": -56.363,
            "tp": 278,
            "fp": 87,
            "enr_ratio": 3.17045,
            "score_thresh": 6.92101,
            "total_sites": 278,
            "site_distr": [
              0, 1, 1, 1, 2, 1, 3, 0, 3, 0, 3, 0, 1, 5, 5, 3, 0, 1, 2, 5, 4,
              5, 2, 2, 2, 3, 4, 7, 3, 4, 5, 3, 4, 4, 3, 4, 7, 10, 5, 6, 1, 4,
              5, 2, 6, 3, 4, 2, 3, 0, 2, 7, 6, 5, 8, 6, 3, 9, 5, 7, 1, 1, 5,
              4, 2, 4, 5, 1, 3, 3, 3, 3, 0, 4, 0, 1, 1, 2, 2, 2, 2, 3, 3, 2,
              1, 1, 1, 1, 3, 1, 1
            ],
            "max_sites": 6,
            "site_hist": [0, 64, 186, 7, 19, 0, 2]
          }, {
            "db": 2,
            "id": "MA1138.1",
            "alt": "FOSL2::JUNB",
            "len": 10,
            "consensus": "KRTGASTCAT",
            "motif_evalue": 0,
            "motif_nsites": 999,
            "url": "http://jaspar2018.genereg.net/matrix/MA1138.1",
            "pwm": [
              [0.151152, 0.164165, 0.407406, 0.277276], 
              [0.620376, 0.0529493, 0.313686, 0.0129891], 
              [2.2212e-06, 2.78375e-06, 2.78375e-06, 0.999992], 
              [2.2212e-06, 2.78375e-06, 0.985979, 0.0140161], 
              [0.999992, 2.78375e-06, 2.78375e-06, 2.2212e-06], 
              [0.0540557, 0.568566, 0.292292, 0.0850864], 
              [0.00100221, 2.78375e-06, 0.0260025, 0.972992], 
              [0.168169, 0.831826, 2.78375e-06, 2.2212e-06], 
              [0.999992, 2.78375e-06, 2.78375e-06, 2.2212e-06], 
              [0.0350019, 0.251, 0.112002, 0.601996]
            ],
            "pvalue": "8.64e-27",
            "log_pvalue": -60.0131,
            "evalue": "1.23e-23",
            "log_evalue": -52.7533,
            "qvalue": "5.26e-25",
            "log_qvalue": -55.9036,
            "tp": 255,
            "fp": 74,
            "enr_ratio": 3.41333,
            "score_thresh": 7.3459,
            "total_sites": 255,
            "site_distr": [
              0, 1, 1, 1, 2, 1, 3, 0, 3, 0, 3, 0, 1, 5, 4, 1, 0, 0, 1, 6, 4,
              5, 1, 3, 2, 3, 3, 7, 3, 3, 4, 3, 4, 4, 3, 3, 7, 9, 4, 5, 1, 3,
              5, 2, 6, 2, 3, 3, 3, 0, 2, 6, 6, 4, 8, 6, 3, 7, 4, 7, 1, 1, 6,
              3, 2, 4, 4, 1, 2, 3, 3, 3, 0, 4, 0, 0, 1, 2, 2, 2, 2, 3, 3, 1,
              1, 1, 1, 1, 2, 1, 1
            ],
            "max_sites": 6,
            "site_hist": [0, 46, 183, 6, 19, 0, 1]
          }, {
            "db": 2,
            "id": "MA1130.1",
            "alt": "FOSL2::JUN",
            "len": 12,
            "consensus": "NNRTGAGTCAYN",
            "motif_evalue": 0,
            "motif_nsites": 1000,
            "url": "http://jaspar2018.genereg.net/matrix/MA1130.1",
            "pwm": [
              [0.189, 0.248, 0.295, 0.268], 
              [0.214, 0.179001, 0.337999, 0.269], 
              [0.541997, 0.121002, 0.282, 0.0550017], 
              [0.00100121, 0.00100177, 0.00100177, 0.996995], 
              [0.00100221, 0.00100277, 0.839994, 0.158001], 
              [0.846994, 0.123002, 0.00100277, 0.0290019], 
              [0.103001, 0.141001, 0.697996, 0.0580016], 
              [0.00100121, 0.00100177, 0.00100177, 0.996995], 
              [0.019982, 0.978015, 0.00100177, 0.00100121], 
              [0.997992, 2.78097e-06, 0.00100277, 0.00100221], 
              [0.019002, 0.299, 0.0930019, 0.588996], 
              [0.269269, 0.34134, 0.180181, 0.209209]
            ],
            "pvalue": "1.72e-26",
            "log_pvalue": -59.3245,
            "evalue": "2.45e-23",
            "log_evalue": -52.0647,
            "qvalue": "9.90e-25",
            "log_qvalue": -55.2722,
            "tp": 197,
            "fp": 43,
            "enr_ratio": 4.5,
            "score_thresh": 10.1211,
            "total_sites": 197,
            "site_distr": [
              0, 0, 0, 1, 0, 1, 3, 0, 1, 0, 1, 1, 1, 5, 0, 0, 0, 2, 2, 1, 2,
              2, 0, 4, 0, 4, 4, 6, 4, 2, 2, 2, 3, 3, 3, 7, 4, 6, 1, 4, 3, 3,
              3, 3, 3, 3, 4, 0, 1, 2, 1, 7, 6, 6, 4, 6, 2, 6, 3, 1, 0, 2, 5,
              2, 2, 3, 0, 4, 2, 2, 3, 1, 1, 3, 0, 0, 1, 2, 3, 3, 1, 2, 1, 0,
              0, 0, 2, 1, 2
            ],
            "max_sites": 5,
            "site_hist": [0, 91, 96, 6, 3, 1]
          }, {
            "db": 2,
            "id": "MA0491.1",
            "alt": "JUND",
            "len": 11,
            "consensus": "DRTGASTCATS",
            "motif_evalue": 0,
            "motif_nsites": 38710,
            "url": "http://jaspar2018.genereg.net/matrix/MA0491.1",
            "pwm": [
              [0.320046, 0.0196071, 0.352364, 0.307982], 
              [0.391708, 0.124619, 0.483673, 5.73237e-08], 
              [5.73237e-08, 7.18419e-08, 7.18419e-08, 1], 
              [5.73237e-08, 7.18419e-08, 1, 5.73237e-08], 
              [1, 7.18419e-08, 7.18419e-08, 5.73237e-08], 
              [5.73237e-08, 0.590468, 0.363679, 0.045854], 
              [5.73237e-08, 7.18419e-08, 7.18419e-08, 1], 
              [0.039964, 0.960036, 7.18419e-08, 5.73237e-08], 
              [1, 7.18419e-08, 7.18419e-08, 5.73237e-08], 
              [5.73237e-08, 0.132679, 0.0594421, 0.807879], 
              [0.14947, 0.38636, 0.32108, 0.14309]
            ],
            "pvalue": "2.13e-25",
            "log_pvalue": -56.8088,
            "evalue": "3.03e-22",
            "log_evalue": -49.549,
            "qvalue": "1.16e-23",
            "log_qvalue": -52.8105,
            "tp": 131,
            "fp": 15,
            "enr_ratio": 8.25,
            "score_thresh": 11.9065,
            "total_sites": 131,
            "site_distr": [
              1, 0, 0, 1, 0, 0, 2, 1, 0, 0, 1, 0, 0, 3, 1, 0, 0, 0, 2, 2, 1,
              2, 0, 0, 2, 1, 3, 4, 2, 2, 2, 2, 4, 2, 2, 3, 9, 3, 3, 1, 1, 2,
              5, 2, 1, 3, 1, 1, 0, 1, 2, 2, 5, 2, 3, 3, 3, 1, 4, 0, 1, 0, 1,
              1, 0, 3, 0, 0, 2, 0, 4, 0, 1, 0, 0, 0, 0, 1, 1, 1, 2, 1, 2, 1,
              0, 0, 1, 1, 2, 1
            ],
            "max_sites": 2,
            "site_hist": [0, 124, 7]
          }, {
            "db": 2,
            "id": "MA0477.1",
            "alt": "FOSL1",
            "len": 11,
            "consensus": "RRTGASTCAKV",
            "motif_evalue": 0,
            "motif_nsites": 5272,
            "url": "http://jaspar2018.genereg.net/matrix/MA0477.1",
            "pwm": [
              [0.339719, 0.0225725, 0.4522, 0.185508], 
              [0.29742, 0.0828914, 0.589718, 0.0299704], 
