<!DOCTYPE HTML>
<html>
  <head>
    <meta charset="UTF-8">
    <title>Tomtom Results</title>
    <script>
      // @JSON_VAR data
      var data = {
        "program": "Tomtom",
        "version": "5.5.5",
        "release": "Thu Sep 14 08:48:04 2023 +1000",
        "cmd": [
          "tomtom", "-verbosity", "1", "-oc",
          "memechip_example_output_files/meme_tomtom_out", "-min-overlap",
          "5", "-dist", "pearson", "-evalue", "-thresh", "1", "-no-ssc",
          "memechip_example_output_files/meme_out/meme.xml",
          "JASPAR2018_CORE_non-redundant.meme"
        ],
        "options": {
          "strands": "both",
          "distance_measure": "pearson",
          "threshold_type": "evalue",
          "threshold_value": 1,
          "background_source": "--query--"
        },
        "alphabet": {
          "name": "DNA",
          "like": "dna",
          "ncore": 4,
          "symbols": [
            {
              "symbol": "A",
              "name": "Adenine",
              "colour": "CC0000",
              "complement": "T"
            }, {
              "symbol": "C",
              "name": "Cytosine",
              "colour": "0000CC",
              "complement": "G"
            }, {
              "symbol": "G",
              "name": "Guanine",
              "colour": "FFB300",
              "complement": "C"
            }, {
              "symbol": "T",
              "aliases": "U",
              "name": "Thymine",
              "colour": "008000",
              "complement": "A"
            }, {
              "symbol": "N",
              "aliases": "X.",
              "name": "Any base",
              "equals": "ACGT"
            }, {
              "symbol": "V",
              "name": "Not T",
              "equals": "ACG"
            }, {
              "symbol": "H",
              "name": "Not G",
              "equals": "ACT"
            }, {
              "symbol": "D",
              "name": "Not C",
              "equals": "AGT"
            }, {
              "symbol": "B",
              "name": "Not A",
              "equals": "CGT"
            }, {
              "symbol": "M",
              "name": "Amino",
              "equals": "AC"
            }, {
              "symbol": "R",
              "name": "Purine",
              "equals": "AG"
            }, {
              "symbol": "W",
              "name": "Weak",
              "equals": "AT"
            }, {
              "symbol": "S",
              "name": "Strong",
              "equals": "CG"
            }, {
              "symbol": "Y",
              "name": "Pyrimidine",
              "equals": "CT"
            }, {
              "symbol": "K",
              "name": "Keto",
              "equals": "GT"
            }
          ]
        },
        "background": [0.256, 0.244, 0.244, 0.256],
        "query_dbs": [
          {
            "source": "memechip_example_output_files/meme_out/meme.xml",
            "name": "meme.xml",
            "loaded": 3,
            "excluded": 0,
            "last_modified": "Wed Nov 29 23:42:51 2023"
          }
        ],
        "target_dbs": [
          {
            "source": "JASPAR2018_CORE_non-redundant.meme",
            "name": "JASPAR2018_CORE_non-redundant",
            "loaded": 1404,
            "excluded": 0,
            "last_modified": "Sun Jun 18 07:59:29 2023"
          }
        ],
        "queries": [
          {
            "db": 0,
            "id": "CCWCCCCTCCCCCTC",
            "alt": "MEME-3",
            "len": 15,
            "nsites": 25,
            "evalue": "1.2e+004",
            "pwm": [
              [0.00101992, 0.957147, 0.000972112, 0.0408606], 
              [0.00101992, 0.877466, 0.000972112, 0.120542], 
              [0.399426, 0.120494, 0.160335, 0.319745], 
              [0.00101992, 0.678263, 0.120494, 0.200223], 
              [0.00101992, 0.917307, 0.0806534, 0.00101992], 
              [0.00101992, 0.996988, 0.000972112, 0.00101992], 
              [0.0408606, 0.678263, 0.000972112, 0.279904], 
              [0.160382, 0.000972112, 0.0806534, 0.757992], 
              [0.0408606, 0.797785, 0.0408127, 0.120542], 
              [0.00101992, 0.678263, 0.000972112, 0.319745], 
              [0.120542, 0.797785, 0.000972112, 0.0807012], 
              [0.240064, 0.757944, 0.000972112, 0.00101992], 
              [0.200223, 0.598582, 0.0806534, 0.120542], 
              [0.160382, 0.000972112, 0.000972112, 0.837673], 
              [0.00101992, 0.877466, 0.0408127, 0.0807012]
            ]
          }, {
            "db": 0,
            "id": "NWGATAAG",
            "alt": "MEME-2",
            "len": 8,
            "nsites": 171,
            "evalue": "5.3e-014",
            "pwm": [
              [0.165293, 0.328862, 0.305484, 0.20036], 
              [0.491091, 0.0468993, 0.000142607, 0.461868], 
              [0.00014962, 0.000142607, 0.999558, 0.00014962], 
              [0.999565, 0.000142607, 0.000142607, 0.00014962], 
              [0.00014962, 0.000142607, 0.000142607, 0.999565], 
              [0.999565, 0.000142607, 0.000142607, 0.00014962], 
              [0.999565, 0.000142607, 0.000142607, 0.00014962], 
              [0.00749033, 0.29964, 0.685379, 0.00749033]
            ]
          }, {
            "db": 0,
            "id": "WGGGTGTGGYYS",
            "alt": "MEME-1",
            "len": 12,
            "nsites": 312,
            "evalue": "6.7e-293",
            "pwm": [
              [0.43748, 0.0112536, 0.0945609, 0.456705], 
              [0.0201266, 0.00085993, 0.978111, 0.000902762], 
              [0.00410674, 0.0104718, 0.978111, 0.00731071], 
              [0.000902762, 0.0040639, 0.990928, 0.00410674], 
              [0.0225108, 0.240386, 7.81801e-05, 0.737025], 
              [8.2025e-05, 7.81801e-05, 0.999758, 8.2025e-05], 
              [0.0161029, 0.0128951, 0.282039, 0.688964], 
              [0.0962052, 0.00328215, 0.88441, 0.0161029], 
              [0.0649842, 0.0809623, 0.795477, 0.0585763], 
              [0.0241513, 0.597605, 0.0400914, 0.338153], 
              [0.161927, 0.341277, 0.142622, 0.354174], 
              [0.149111, 0.322052, 0.370114, 0.158723]
            ]
          }
        ],
        "targets": [
          {
            "db": 0,
            "id": "MA0035.3",
            "alt": "Gata1",
            "len": 11,
            "nsites": 17955,
            "url": "http://jaspar2018.genereg.net/matrix/MA0035.3",
            "pwm": [
              [0.11334, 0.240657, 0.140909, 0.505095], 
              [0.0281833, 0.35678, 0.1555, 0.459537], 
              [1.42578e-06, 0.828123, 0.0243402, 0.147537], 
              [1.42578e-06, 0.0388201, 1.35895e-06, 0.961177], 
              [1.42578e-06, 1.35895e-06, 1.35895e-06, 0.999996], 
              [0.999996, 1.35895e-06, 1.35895e-06, 1.42578e-06], 
              [1.42578e-06, 1.35895e-06, 1.35895e-06, 0.999996], 
              [1.42578e-06, 0.999996, 1.35895e-06, 1.42578e-06], 
              [0.120636, 1.35895e-06, 1.35895e-06, 0.879362], 
              [0.139349, 0.343413, 0.37243, 0.144807], 
              [0.105041, 0.282484, 0.0890009, 0.523474]
            ]
          }, {
            "db": 0,
            "id": "MA0036.3",
            "alt": "GATA2",
            "len": 11,
            "nsites": 14213,
            "url": "http://jaspar2018.genereg.net/matrix/MA0036.3",
            "pwm": [
              [0.232393, 0.209526, 0.225216, 0.332863], 
              [0.139732, 0.288398, 0.208682, 0.363188], 
              [0.0661383, 0.746285, 0.0860491, 0.101528], 
              [0.0312406, 0.0182246, 0.0105556, 0.93998], 
              [0.0293406, 0.0023937, 0.00147971, 0.966786], 
              [0.991904, 0.00098671, 0.0030267, 0.00408277], 
              [0.0102037, 0.00541968, 0.00337869, 0.980998], 
              [0.00675575, 0.969952, 0.00886665, 0.0144247], 
              [0.166961, 0.0346175, 0.0258225, 0.772599], 
              [0.204883, 0.26131, 0.257229, 0.276578], 
              [0.230634, 0.272567, 0.155915, 0.340884]
            ]
          }, {
            "db": 0,
            "id": "MA0037.3",
            "alt": "GATA3",
            "len": 8,
            "nsites": 1000,
            "url": "http://jaspar2018.genereg.net/matrix/MA0037.3",
            "pwm": [
              [0.501975, 0.226002, 0.0010243, 0.270999], 
              [2.55974e-05, 2.43976e-05, 0.999924, 2.55974e-05], 
              [0.999926, 2.43976e-05, 2.43976e-05, 2.55974e-05], 
              [2.55974e-05, 2.43976e-05, 2.43976e-05, 0.999926], 
              [0.914849, 0.0020262, 2.43976e-05, 0.0831003], 
              [0.861939, 0.0150229, 0.0760168, 0.0470209], 
              [0.114014, 0.300994, 0.475977, 0.109015], 
              [0.422983, 0.188006, 0.320992, 0.0680188]
            ]
          }, {
            "db": 0,
            "id": "MA0039.3",
            "alt": "KLF4",
            "len": 11,
            "nsites": 969,
            "url": "http://jaspar2018.genereg.net/matrix/MA0039.3",
            "pwm": [
              [0.270381, 0.496362, 0.130043, 0.103215], 
              [0.120757, 0.668687, 0.108373, 0.102183], 
              [0.953488, 0.0144717, 0.0185993, 0.013441], 
              [0.00828156, 0.978252, 0.00621654, 0.00724967], 
              [0.856491, 0.00208897, 0.126947, 0.0144729], 
              [0.013441, 0.943168, 0.0185993, 0.0247919], 
              [0.0299513, 0.938008, 0.0175674, 0.0144729], 
              [0.0155048, 0.962774, 0.00415275, 0.0175686], 
              [0.267285, 0.0743205, 0.040269, 0.618126], 
              [0.189893, 0.287921, 0.292049, 0.230137], 
              [0.23736, 0.304432, 0.208466, 0.249743]
            ]
          }, {
            "db": 0,
            "id": "MA0057.1",
            "alt": "MZF1(var.2)",
            "len": 10,
            "nsites": 16,
            "url": "http://jaspar2018.genereg.net/matrix/MA0057.1",
            "pwm": [
              [0.0637019, 0.249963, 0.436298, 0.250037], 
              [0.125814, 0.00151553, 0.436298, 0.436373], 
              [0.933267, 0.0636273, 0.00151553, 0.00159006], 
              [0.00159006, 0.00151553, 0.684745, 0.312149], 
              [0.00159006, 0.00151553, 0.933193, 0.0637019], 
              [0.00159006, 0.125739, 0.871081, 0.00159006], 
              [0.00159006, 0.00151553, 0.871081, 0.125814], 
              [0.187925, 0.0636273, 0.49841, 0.250037], 
              [0.622708, 0.00151553, 0.249963, 0.125814], 
              [0.498484, 0.125739, 0.249963, 0.125814]
            ]
          }, {
            "db": 0,
            "id": "MA0079.3",
            "alt": "SP1",
            "len": 11,
            "nsites": 8734,
            "url": "http://jaspar2018.genereg.net/matrix/MA0079.3",
            "pwm": [
              [0.0981238, 0.204488, 0.489005, 0.208382], 
              [2.93104e-06, 0.711582, 0.073508, 0.214907], 
              [0.0113378, 0.767454, 2.79365e-06, 0.221204], 
              [2.93104e-06, 0.999991, 2.79365e-06, 2.93104e-06], 
              [2.93104e-06, 0.991633, 2.79365e-06, 0.00836084], 
              [0.1556, 2.79365e-06, 0.529422, 0.314975], 
              [2.93104e-06, 0.999991, 2.79365e-06, 2.93104e-06], 
              [2.93104e-06, 0.999991, 2.79365e-06, 2.93104e-06], 
              [2.93104e-06, 0.764707, 2.79365e-06, 0.235287], 
              [0.12068, 0.727839, 2.79365e-06, 0.151478], 
              [0.0746531, 0.568922, 0.0840408, 0.272384]
            ]
          }, {
            "db": 0,
            "id": "MA0140.2",
            "alt": "GATA1::TAL1",
            "len": 18,
            "nsites": 4955,
            "url": "http://jaspar2018.genereg.net/matrix/MA0140.2",
            "pwm": [
              [0.224824, 0.411299, 0.195157, 0.16872], 
              [0.0415783, 0.162868, 0.0320933, 0.763461], 
              [0.0641819, 4.92422e-06, 4.92422e-06, 0.935808], 
              [0.999985, 4.92422e-06, 4.92422e-06, 5.16639e-06], 
              [5.16639e-06, 4.92422e-06, 4.92422e-06, 0.999985], 
              [5.16639e-06, 0.999985, 4.92422e-06, 5.16639e-06], 
              [0.413519, 0.0127187, 0.0111047, 0.562658], 
              [0.132797, 0.268618, 0.446817, 0.151768], 
              [0.19435, 0.245005, 0.25106, 0.309585], 
              [0.240363, 0.227447, 0.30676, 0.22543], 
              [0.358827, 0.228052, 0.199799, 0.213321], 
              [0.209486, 0.249647, 0.345508, 0.195359], 
              [0.272856, 0.230474, 0.295862, 0.200808], 
              [0.380421, 0.208477, 0.165491, 0.24561], 
              [0.278708, 0.249647, 0.380219, 0.0914263], 
              [0.0222047, 0.973143, 0.00464683, 5.16639e-06], 
              [0.940248, 4.92422e-06, 4.92422e-06, 0.059742], 
              [0.0322955, 0.179618, 0.715227, 0.0728597]
            ]
          }, {
            "db": 0,
            "id": "MA0300.1",
            "alt": "GAT1",
            "len": 8,
            "nsites": 101,
            "url": "http://jaspar2018.genereg.net/matrix/MA0300.1",
            "pwm": [
              [0.128839, 0.435454, 0.188174, 0.247533], 
              [0.170085, 0.419826, 0.0501919, 0.359897], 
              [0.000253215, 0.000241345, 0.999252, 0.000253215], 
              [0.999264, 0.000241345, 0.000241345, 0.000253215], 
              [0.000253215, 0.000241345, 0.000241345, 0.999264], 
              [0.999264, 0.000241345, 0.000241345, 0.000253215], 
              [0.999264, 0.000241345, 0.000241345, 0.000253215], 
              [0.0305262, 0.0910604, 0.847887, 0.0305262]
            ]
          }, {
            "db": 0,
            "id": "MA0309.1",
            "alt": "GZF3",
            "len": 8,
            "nsites": 100,
            "url": "http://jaspar2018.genereg.net/matrix/MA0309.1",
            "pwm": [
              [0.180076, 0.389854, 0.0202238, 0.409846], 
              [0.000255744, 0.000243756, 0.999245, 0.000255744], 
              [0.999257, 0.000243756, 0.000243756, 0.000255744], 
              [0.000255744, 0.000243756, 0.000243756, 0.999257], 
              [0.999257, 0.000243756, 0.000243756, 0.000255744], 
              [0.729526, 0.0901538, 0.000243756, 0.180076], 
              [0.0398202, 0.376106, 0.583818, 0.000255744], 
              [0.389866, 0.180064, 0.269974, 0.160096]
            ]
          }, {
            "db": 0,
            "id": "MA0366.1",
            "alt": "RGM1",
            "len": 5,
            "nsites": 100,
            "url": "http://jaspar2018.genereg.net/matrix/MA0366.1",
            "pwm": [
              [0.999257, 0.000243756, 0.000243756, 0.000255744], 
              [0.000255744, 0.000243756, 0.999245, 0.000255744], 
              [0.000255744, 0.000243756, 0.999245, 0.000255744], 
              [0.000255744, 0.000243756, 0.999245, 0.000255744], 
              [0.110146, 0.120124, 0.769475, 0.000255744]
            ]
          }, {
            "db": 0,
            "id": "MA0443.1",
            "alt": "btd",
            "len": 10,
            "nsites": 30,
            "url": "http://jaspar2018.genereg.net/matrix/MA0443.1",
            "pwm": [
              [0.465967, 0.100478, 0.233368, 0.200186], 
              [0.333076, 0.000810631, 0.665263, 0.000850498], 
              [0.133741, 0.000810631, 0.598817, 0.266632], 
              [0.067296, 0.000810631, 0.931043, 0.000850498], 
              [0.000850498, 0.000810631, 0.997488, 0.000850498], 
              [0.000850498, 0.000810631, 0.997488, 0.000850498], 
              [0.067296, 0.931043, 0.000810631, 0.000850498], 
              [0.000850498, 0.000810631, 0.997488, 0.000850498], 
              [0.000850498, 0.000810631, 0.665263, 0.333076], 
              [0.499189, 0.0340329, 0.333036, 0.133741]
            ]
          }, {
            "db": 0,
            "id": "MA0482.1",
            "alt": "Gata4",
            "len": 11,
            "nsites": 2746,
            "url": "http://jaspar2018.genereg.net/matrix/MA0482.1",
            "pwm": [
              [0.00365119, 0.378364, 0.136202, 0.481784], 
              [9.32231e-06, 0.7884, 0.11144, 0.100152], 
              [9.32231e-06, 0.0324187, 8.88533e-06, 0.967563], 
              [9.32231e-06, 8.88533e-06, 8.88533e-06, 0.999973], 
              [0.985771, 0.0142104, 8.88533e-06, 9.32231e-06], 
              [9.32231e-06, 8.88533e-06, 8.88533e-06, 0.999973], 
              [9.32231e-06, 0.999972, 8.88533e-06, 9.32231e-06], 
              [0.199201, 8.88533e-06, 8.88533e-06, 0.800781], 
              [9.32231e-06, 0.451558, 0.342312, 0.20612], 
              [0.218865, 0.365619, 0.0571808, 0.358335], 
              [0.140572, 0.338307, 0.248361, 0.272759]
            ]
          }, {
            "db": 0,
            "id": "MA0493.1",
            "alt": "Klf1",
            "len": 11,
            "nsites": 526,
            "url": "http://jaspar2018.genereg.net/matrix/MA0493.1",
            "pwm": [
              [0.285165, 0.144506, 0.384003, 0.186325], 
              [0.317478, 0.0760779, 0.579784, 0.0266596], 
              [0.1274, 0.752755, 0.0608718, 0.0589725], 
              [0.024759, 0.876306, 4.6379e-05, 0.0988889], 
              [0.767964, 0.224339, 4.6379e-05, 0.00765221], 
              [4.86599e-05, 0.999856, 4.6379e-05, 4.86599e-05], 
              [0.76036, 4.6379e-05, 0.184422, 0.0551712], 
              [4.86599e-05, 0.999856, 4.6379e-05, 4.86599e-05], 
              [4.86599e-05, 0.999856, 4.6379e-05, 4.86599e-05], 
              [4.86599e-05, 0.965642, 4.6379e-05, 0.0342632], 
              [0.532266, 0.0665737, 4.6379e-05, 0.401113]
            ]
          }, {
            "db": 0,
            "id": "MA0516.1",
            "alt": "SP2",
            "len": 15,
            "nsites": 1686,
            "url": "http://jaspar2018.genereg.net/matrix/MA0516.1",
            "pwm": [
              [0.0949086, 0.150065, 0.609705, 0.145321], 
              [0.0231458, 0.481006, 0.152437, 0.343411], 
              [0.0308554, 0.82203, 0.000607436, 0.146507], 
              [1.5183e-05, 0.995803, 0.00416623, 1.5183e-05], 
              [1.5183e-05, 0.974453, 1.44713e-05, 0.0255177], 
              [0.103212, 1.44713e-05, 0.759162, 0.137611], 
              [1.5183e-05, 0.999955, 1.44713e-05, 1.5183e-05], 
              [1.5183e-05, 0.982162, 1.44713e-05, 0.0178081], 
              [1.5183e-05, 0.657152, 1.44713e-05, 0.342818], 
              [0.122191, 0.709343, 1.44713e-05, 0.168451], 
              [0.0682201, 0.575899, 0.05873, 0.297151], 
              [0.110922, 0.328583, 0.192767, 0.367727], 
              [0.134052, 0.425256, 0.237841, 0.20285], 
              [0.135238, 0.470924, 0.241993, 0.151845], 
              [0.120411, 0.441862, 0.250297, 0.18743]
            ]
          }, {
            "db": 0,
            "id": "MA0528.1",
            "alt": "ZNF263",
            "len": 21,
            "nsites": 15235,
            "url": "http://jaspar2018.genereg.net/matrix/MA0528.1",
            "pwm": [
              [0.155301, 0.0192335, 0.727138, 0.098327], 
              [0.301674, 1.60157e-06, 0.698323, 1.68033e-06], 
              [0.729764, 1.60157e-06, 0.183919, 0.0863151], 
              [0.0297355, 1.60157e-06, 0.907052, 0.0632113], 
              [0.0663612, 0.11408, 0.816799, 0.00275866], 
              [0.913616, 0.0361684, 0.00282358, 0.0473924], 
              [0.102988, 0.0554002, 0.73856, 0.103053], 
              [0.101872, 0.093667, 0.751622, 0.0528403], 
              [0.532522, 0.0635392, 0.361863, 0.0420754], 
              [0.336855, 0.101281, 0.462224, 0.09964], 
              [0.203216, 0.0701681, 0.621659, 0.104957], 
              [0.433081, 0.0387283, 0.441745, 0.0864471], 
              [0.27404, 0.0406973, 0.584376, 0.100887], 
              [0.269511, 0.106204, 0.5935, 0.0307855], 
              [0.521363, 0.0623572, 0.313751, 0.102528], 
              [0.250935, 6.76011e-05, 0.633998, 0.114999], 
              [0.205579, 1.60157e-06, 0.751162, 0.0432574], 
              [0.545124, 1.60157e-06, 0.38674, 0.0681342], 
              [0.343025, 0.0143765, 0.585689, 0.0569093], 
              [0.266951, 0.0426663, 0.6445, 0.0458824], 
              [0.476796, 0.0595352, 0.403084, 0.0605853]
            ]
          }, {
            "db": 0,
            "id": "MA0542.1",
            "alt": "elt-3",
            "len": 8,
            "nsites": 722,
            "url": "http://jaspar2018.genereg.net/matrix/MA0542.1",
            "pwm": [
              [3.54521e-05, 0.149597, 3.37903e-05, 0.850334], 
              [3.54521e-05, 0.598289, 0.171755, 0.229921], 
              [3.54521e-05, 3.37903e-05, 3.37903e-05, 0.999897], 
              [3.54521e-05, 3.37903e-05, 3.37903e-05, 0.999897], 
              [0.999897, 3.37903e-05, 3.37903e-05, 3.54521e-05], 
              [3.54521e-05, 3.37903e-05, 3.37903e-05, 0.999897], 
              [3.54521e-05, 0.999895, 3.37903e-05, 3.54521e-05], 
              [0.999897, 3.37903e-05, 3.37903e-05, 3.54521e-05]
            ]
          }, {
            "db": 0,
            "id": "MA0576.1",
            "alt": "RAX3",
            "len": 13,
            "nsites": 100,
            "url": "http://jaspar2018.genereg.net/matrix/MA0576.1",
            "pwm": [
              [0.220036, 0.180064, 0.419824, 0.180076], 
              [0.000255744, 0.140104, 0.859385, 0.000255744], 
              [0.180076, 0.0402038, 0.779465, 0.000255744], 
              [0.140116, 0.0901538, 0.549694, 0.220036], 
              [0.000255744, 0.000243756, 0.999245, 0.000255744], 
              [0.000255744, 0.000243756, 0.999245, 0.000255744], 
              [0.000255744, 0.000243756, 0.000243756, 0.999257], 
              [0.779477, 0.0402038, 0.0402038, 0.140116], 
              [0.000255744, 0.000243756, 0.999245, 0.000255744], 
              [0.000255744, 0.000243756, 0.999245, 0.000255744], 
              [0.000255744, 0.000243756, 0.000243756, 0.999257], 
              [0.000255744, 0.000243756, 0.959285, 0.0402158], 
              [0.0402158, 0.319924, 0.599644, 0.0402158]
            ]
          }, {
            "db": 0,
            "id": "MA0599.1",
            "alt": "KLF5",
            "len": 10,
            "nsites": 13611,
            "url": "http://jaspar2018.genereg.net/matrix/MA0599.1",
            "pwm": [
              [0.10499, 0.148631, 0.556313, 0.190067], 
              [1.88082e-06, 0.874288, 1.79265e-06, 0.125708], 
              [1.88082e-06, 0.882223, 1.79265e-06, 0.117773], 
              [0.255455, 0.703031, 1.79265e-06, 0.0415126], 
              [1.88082e-06, 0.999994, 1.79265e-06, 1.88082e-06], 
              [0.371096, 1.79265e-06, 0.38072, 0.248182], 
              [1.88082e-06, 0.999994, 1.79265e-06, 1.88082e-06], 
              [1.88082e-06, 0.999994, 1.79265e-06, 1.88082e-06], 
              [1.88082e-06, 0.965023, 1.79265e-06, 0.0349736], 
              [0.287635, 0.411064, 1.79265e-06, 0.3013]
            ]
          }, {
            "db": 0,
            "id": "MA0685.1",
            "alt": "SP4",
            "len": 17,
            "nsites": 4471,
            "url": "http://jaspar2018.genereg.net/matrix/MA0685.1",
            "pwm": [
              [0.138898, 0.314245, 0.184076, 0.36278], 
              [0.517006, 0.0371206, 0.0154701, 0.430403], 
              [0.567183, 0.0318547, 0.357545, 0.0434168], 
              [0.163733, 0.00105143, 0.832419, 0.00279566], 
              [0.0552415, 0.943897, 5.45727e-06, 0.000855707], 
              [0.000437716, 0.969341, 0.00108443, 0.0291371], 
              [0.751365, 0.247874, 0.00075544, 5.72566e-06], 
              [0.000434716, 0.999554, 5.45727e-06, 5.72566e-06], 
              [0.00181669, 0.0025404, 0.985679, 0.0099635], 
              [0.000432716, 0.998703, 0.000858438, 5.72566e-06], 
              [0.000638712, 0.998927, 0.000427448, 5.72566e-06], 
              [5.72566e-06, 0.984167, 0.000638443, 0.0151884], 
              [0.423374, 0.559128, 0.00207641, 0.0154214], 
              [0.0206373, 0.780707, 0.00383937, 0.194816], 
              [0.214529, 0.168801, 0.0440395, 0.572631], 
              [0.137624, 0.285173, 0.0858395, 0.491364], 
              [0.229583, 0.280151, 0.132007, 0.35826]
            ]
          }, {
            "db": 0,
            "id": "MA0740.1",
            "alt": "KLF14",
            "len": 14,
            "nsites": 2304,
            "url": "http://jaspar2018.genereg.net/matrix/MA0740.1",
            "pwm": [
              [0.186635, 0.0933225, 0.419263, 0.300779], 
              [0.332044, 0.0201257, 0.628255, 0.0195753], 
              [0.220455, 0.569978, 0.0402438, 0.169325], 
              [1.11106e-05, 0.861039, 0.00539536, 0.133554], 
              [0.89562, 0.0713235, 0.0304233, 0.002633], 
              [0.00126106, 0.997467, 1.05898e-05, 0.00126106], 
              [0.0224491, 0.0117171, 0.955741, 0.0100917], 
              [1.11106e-05, 0.998098, 0.00187951, 1.11106e-05], 
              [1.11106e-05, 0.994387, 0.00187051, 0.00373095], 
              [1.11106e-05, 0.958849, 0.00239449, 0.0387464], 
              [0.418951, 0.562303, 0.000595564, 0.0181493], 
              [0.0154764, 0.707085, 0.00726028, 0.270178], 
              [0.139726, 0.296405, 0.0444197, 0.51945], 
              [0.192356, 0.219622, 0.0930716, 0.494951]
            ]
          }, {
            "db": 0,
            "id": "MA0741.1",
            "alt": "KLF16",
            "len": 11,
            "nsites": 3053,
            "url": "http://jaspar2018.genereg.net/matrix/MA0741.1",
            "pwm": [
              [0.218147, 0.175239, 0.527996, 0.0786168], 
              [0.332961, 0.595701, 0.0284621, 0.042875], 
              [0.0359492, 0.93447, 0.00348588, 0.0260945], 
              [0.699924, 0.280583, 0.0194844, 8.38492e-06], 
              [0.0385131, 0.940467, 0.00992567, 0.011093], 
              [0.185104, 0.0644379, 0.60036, 0.150096], 
              [0.00494622, 0.995037, 7.99188e-06, 8.38492e-06], 
              [0.00124134, 0.99381, 0.00493983, 8.38492e-06], 
              [0.00926708, 0.932847, 0.00174394, 0.0561405], 
              [0.26152, 0.703157, 0.0113776, 0.0239456], 
              [0.0157169, 0.791342, 0.0112986, 0.181642]
            ]
          }, {
            "db": 0,
            "id": "MA0742.1",
            "alt": "Klf12",
            "len": 15,
            "nsites": 1585,
            "url": "http://jaspar2018.genereg.net/matrix/MA0742.1",
            "pwm": [
              [0.105373, 0.022096, 0.730568, 0.141963], 
              [0.505007, 0.0100608, 0.484917, 1.61504e-05], 
              [0.0270034, 0.94882, 0.0113787, 0.0127993], 
              [0.00726169, 0.970968, 0.0174053, 0.00436388], 
              [0.967075, 0.0306255, 0.00228325, 1.61504e-05], 
              [0.0130963, 0.981058, 1.53934e-05, 0.00582978], 
              [0.136084, 0.000648353, 0.853127, 0.0101425], 
              [1.61504e-05, 0.994164, 1.53934e-05, 0.00580479], 
              [1.61504e-05, 0.969734, 0.0123776, 0.017872], 
              [1.61504e-05, 0.982096, 1.53934e-05, 0.017872], 
              [0.404729, 0.118468, 1.53934e-05, 0.476788], 
              [0.248175, 0.228364, 0.103242, 0.420219], 
              [0.334414, 0.2595, 0.0912146, 0.314871], 
              [0.245362, 0.191756, 0.120627, 0.442256], 
              [0.284662, 0.220589, 0.148115, 0.346633]
            ]
          }, {
            "db": 0,
            "id": "MA0746.1",
            "alt": "SP3",
            "len": 11,
            "nsites": 18576,
            "url": "http://jaspar2018.genereg.net/matrix/MA0746.1",
            "pwm": [
              [0.223999, 0.300549, 0.355781, 0.119672], 
              [0.176351, 0.709803, 0.0423171, 0.071529], 
              [0.0855449, 0.838809, 0.0317311, 0.0439151], 
              [0.716824, 0.238364, 0.0267432, 0.0180703], 
              [0.0225973, 0.933339, 0.0120052, 0.0320592], 
              [0.261176, 0.0389091, 0.555376, 0.144539], 
              [0.0206713, 0.962005, 0.00553228, 0.0117913], 
              [0.0259432, 0.957822, 0.00768227, 0.00855233], 
              [0.00957233, 0.810917, 0.0150932, 0.164417], 
              [0.43348, 0.453751, 0.0234942, 0.0892749], 
              [0.127549, 0.558993, 0.0905028, 0.222955]
            ]
          }, {
            "db": 0,
            "id": "MA0747.1",
            "alt": "SP8",
            "len": 12,
            "nsites": 167,
            "url": "http://jaspar2018.genereg.net/matrix/MA0747.1",
            "pwm": [
              [0.311344, 0.161726, 0.466933, 0.0599974], 
              [0.315753, 0.66057, 0.00014602, 0.0235312], 
              [0.122031, 0.814293, 0.00014602, 0.0635303], 
              [0.786664, 0.195295, 0.00605948, 0.0119801], 
              [0.0390189, 0.927369, 0.0056987, 0.0279146], 
              [0.0933814, 0.138123, 0.622907, 0.145588], 
              [0.0279146, 0.927369, 0.0334591, 0.0112576], 
              [0.0117742, 0.970495, 0.0175776, 0.000153202], 
              [0.000153202, 0.897458, 0.0216382, 0.0807499], 
              [0.511211, 0.437384, 0.0342166, 0.017188], 
              [0.0542878, 0.695563, 0.0875937, 0.162556], 
              [0.186788, 0.313212, 0.00616642, 0.493834]
            ]
          }, {
            "db": 0,
            "id": "MA0753.1",
            "alt": "ZNF740",
            "len": 10,
            "nsites": 2151,
            "url": "http://jaspar2018.genereg.net/matrix/MA0753.1",
            "pwm": [
              [0.273825, 0.462566, 0.177595, 0.0860149], 
              [0.0778173, 0.853882, 0.0107298, 0.0575722], 
              [0.062057, 0.914121, 0.0029862, 0.0208349], 
              [0.00949646, 0.971511, 0.00362418, 0.0153682], 
              [0.00903648, 0.970634, 0.00542609, 0.0149032], 
              [0.00363173, 0.973269, 0.0095129, 0.0135863], 
              [0.0234108, 0.949636, 0.0167876, 0.0101664], 
              [0.0452738, 0.901478, 0.00965089, 0.0435979], 
              [0.680246, 0.185645, 0.0360627, 0.0980463], 
              [0.124574, 0.618798, 0.0529429, 0.203684]
            ]
          }, {
            "db": 0,
            "id": "MA0766.1",
            "alt": "GATA5",
            "len": 8,
            "nsites": 5288,
            "url": "http://jaspar2018.genereg.net/matrix/MA0766.1",
            "pwm": [
              [0.4461, 0.192891, 0.031396, 0.329613], 
              [4.84106e-06, 4.61413e-06, 0.999986, 4.84106e-06], 
              [0.997871, 4.61413e-06, 0.00211957, 4.84106e-06], 
              [4.84106e-06, 4.61413e-06, 4.61413e-06, 0.999986], 
              [0.759243, 0.0589025, 0.00966043, 0.172194], 
              [0.719857, 0.0640864, 0.108639, 0.107418], 
              [0.169989, 0.300126, 0.419242, 0.110643], 
              [0.413308, 0.18101, 0.32005, 0.0856332]
            ]
          }, {
            "db": 0,
            "id": "MA1104.1",
            "alt": "GATA6",
            "len": 13,
            "nsites": 18650,
            "url": "http://jaspar2018.genereg.net/matrix/MA1104.1",
            "pwm": [
              [0.286434, 0.209062, 0.228204, 0.2763], 
              [0.326971, 0.159571, 0.246649, 0.26681], 
              [0.277587, 0.268097, 0.277105, 0.177212], 
              [0.862624, 0.0122802, 0.0118512, 0.113245], 
              [0.0112613, 0.00547028, 0.980479, 0.00278936], 
              [0.978548, 0.00654327, 0.00825826, 0.00665034], 
              [0.0175353, 0.00745427, 0.0140492, 0.960961], 
              [0.940639, 0.00997425, 0.0109932, 0.0383922], 
              [0.957851, 0.00423729, 0.0185002, 0.0194113], 
              [0.0510471, 0.0958718, 0.83056, 0.0225213], 
              [0.672438, 0.10043, 0.190563, 0.0365692], 
              [0.339035, 0.166113, 0.23941, 0.255442], 
              [0.373028, 0.180643, 0.203646, 0.242681]
            ]
          }, {
            "db": 0,
            "id": "MA1107.1",
            "alt": "KLF9",
            "len": 13,
            "nsites": 5754,
            "url": "http://jaspar2018.genereg.net/matrix/MA1107.1",
            "pwm": [
              [0.306916, 0.203164, 0.328814, 0.161107], 
              [0.165452, 0.251825, 0.494782, 0.0879419], 
              [0.215677, 0.675349, 0.0615252, 0.0474486], 
              [0.00417538, 0.983477, 0.00678212, 0.00556535], 
              [0.937249, 0.0425825, 0.012517, 0.00765132], 
              [0.00417538, 0.97722, 0.013734, 0.00487036], 
              [0.801868, 0.0205109, 0.15711, 0.0205111], 
              [0.00712933, 0.961232, 0.0215539, 0.0100843], 
              [0.0799471, 0.887893, 0.0168619, 0.0152982], 
              [0.00956328, 0.960016, 0.00921508, 0.0212071], 
              [0.61209, 0.238443, 0.0582232, 0.0912439], 
              [0.082033, 0.571075, 0.171012, 0.175879], 
              [0.210116, 0.382341, 0.150158, 0.257386]
            ]
          }
        ],
        "all_matches": [
          {
            "idx": 2,
            "matches": [
              {
                "idx": 12,
                "rc": true,
                "off": 0,
                "pv": "9.79e-09",
                "ev": "1.37e-05",
                "qv": "2.73e-05"
              }, {
                "idx": 27,
                "rc": true,
                "off": 2,
                "pv": "1.76e-06",
                "ev": "2.47e-03",
                "qv": "2.46e-03"
              }, {
                "idx": 21,
                "rc": true,
                "off": 4,
                "pv": "1.60e-05",
                "ev": "2.24e-02",
                "qv": "1.49e-02"
              }, {
                "idx": 17,
                "rc": true,
                "off": 0,
                "pv": "3.89e-05",
                "ev": "5.45e-02",
                "qv": "2.71e-02"
              }, {
                "idx": 3,
                "rc": true,
                "off": 2,
                "pv": "5.43e-05",
                "ev": "7.63e-02",
                "qv": "3.03e-02"
              }, {
                "idx": 22,
                "rc": true,
                "off": 1,
                "pv": "1.27e-04",
                "ev": "1.78e-01",
                "qv": "5.90e-02"
              }, {
                "idx": 19,
                "rc": true,
                "off": 3,
                "pv": "2.78e-04",
                "ev": "3.90e-01",
                "qv": "1.11e-01"
              }, {
                "idx": 23,
                "rc": true,
                "off": 2,
                "pv": "3.70e-04",
                "ev": "5.19e-01",
                "qv": "1.29e-01"
              }, {
                "idx": 20,
                "rc": true,
                "off": 1,
                "pv": "4.32e-04",
                "ev": "6.06e-01",
                "qv": "1.34e-01"
              }, {
                "idx": 18,
                "rc": true,
                "off": 4,
                "pv": "6.36e-04",
                "ev": "8.92e-01",
                "qv": "1.78e-01"
              }
            ]
          }, {
            "idx": 1,
            "matches": [
              {
                "idx": 6,
                "rc": true,
                "off": 10,
                "pv": "5.33e-07",
                "ev": "7.48e-04",
                "qv": "1.24e-03"
              }, {
                "idx": 0,
                "rc": true,
                "off": 1,
                "pv": "8.81e-07",
                "ev": "1.24e-03",
                "qv": "1.24e-03"
              }, {
                "idx": 11,
                "rc": true,
                "off": 2,
                "pv": "2.68e-06",
                "ev": "3.77e-03",
                "qv": "2.51e-03"
              }, {
                "idx": 7,
                "rc": false,
                "off": 0,
                "pv": "4.50e-05",
                "ev": "6.32e-02",
                "qv": "3.16e-02"
              }, {
                "idx": 25,
                "rc": false,
                "off": -1,
                "pv": "8.36e-05",
                "ev": "1.17e-01",
                "qv": "4.30e-02"
              }, {
                "idx": 2,
                "rc": false,
                "off": -1,
                "pv": "9.19e-05",
                "ev": "1.29e-01",
                "qv": "4.30e-02"
              }, {
                "idx": 26,
                "rc": false,
                "off": 2,
                "pv": "1.16e-04",
                "ev": "1.63e-01",
                "qv": "4.65e-02"
              }, {
                "idx": 1,
                "rc": true,
                "off": 1,
                "pv": "1.60e-04",
                "ev": "2.24e-01",
                "qv": "5.60e-02"
              }, {
                "idx": 15,
                "rc": true,
                "off": -1,
                "pv": "3.02e-04",
                "ev": "4.24e-01",
                "qv": "9.43e-02"
              }, {
                "idx": 8,
                "rc": false,
                "off": -1,
                "pv": "5.38e-04",
                "ev": "7.56e-01",
                "qv": "1.51e-01"
              }
            ]
          }, {
            "idx": 0,
            "matches": [
              {
                "idx": 14,
                "rc": true,
                "off": 2,
                "pv": "3.02e-05",
                "ev": "4.24e-02",
                "qv": "8.46e-02"
              }, {
                "idx": 5,
                "rc": false,
                "off": -2,
                "pv": "2.69e-04",
                "ev": "3.78e-01",
                "qv": "2.06e-01"
              }, {
                "idx": 13,
                "rc": false,
                "off": -2,
                "pv": "3.22e-04",
                "ev": "4.52e-01",
                "qv": "2.06e-01"
              }, {
                "idx": 9,
                "rc": true,
                "off": -3,
                "pv": "3.62e-04",
                "ev": "5.09e-01",
                "qv": "2.06e-01"
              }, {
                "idx": 10,
                "rc": true,
                "off": -4,
                "pv": "3.76e-04",
                "ev": "5.28e-01",
                "qv": "2.06e-01"
              }, {
                "idx": 24,
                "rc": false,
                "off": -3,
                "pv": "4.40e-04",
                "ev": "6.18e-01",
                "qv": "2.06e-01"
              }, {
                "idx": 4,
                "rc": true,
                "off": -6,
                "pv": "7.05e-04",
                "ev": "9.90e-01",
                "qv": "2.47e-01"
              }, {
                "idx": 16,
                "rc": true,
                "off": 0,
                "pv": "7.06e-04",
                "ev": "9.91e-01",
                "qv": "2.47e-01"
              }
            ]
          }
        ],
        "runtime": {
          "host": "Timothys-iMac.local",
          "when": "Wed Nov 29 23:43:21 2023",
          "cycles": 3401988,
          "seconds": 3.402
        }
      };
    </script>
    <script>
var site_url = "https://meme-suite.org/meme";
</script>
    <script>
/*
 * $
 *
 * Shorthand function for getElementById
 */
function $(el) {
  return document.getElementById(el);
}

/*
	"new" icon
*/
var new_icon_src = "data:image/png;base64,iVBORw0KGgoAAAANSUhEUgAAABwAAAAQCAMAAAAyEe/dAAAACVBMVEX//wAAAAD////s2cV/AAAAdUlEQVQYlXVRBxLAIAhL+P+jC2HZhXcBZEWEldDsZcLIcAhHWWnK8SDcWQhMFUHdAQ1CqQ5+CWPmlHojl+nCJNRtzu4qRc3IUzmTVpXYK0nox0z0PI1stgchdK7lEv7ekhvalw8WW547Gyzedt/2/gLx8WXjXF/1AYFriNAWAAAAAElFTkSuQmCC";

/*
 * See http://stackoverflow.com/a/5450113/66387
 * Does string multiplication like the perl x operator.
 */
function string_mult(pattern, count) {
    if (count < 1) return '';
    var result = '';
    while (count > 1) {
        if (count & 1) result += pattern;
        count >>= 1, pattern += pattern;
    }
    return result + pattern;
}

/*
 * See http://stackoverflow.com/questions/814613/how-to-read-get-data-from-a-url-using-javascript
 * Slightly modified with information from
 * https://developer.mozilla.org/en/DOM/window.location
 */
