<!DOCTYPE HTML>
<html>
  <head>
    <meta charset="UTF-8">
    <title>Tomtom Results</title>
    <script>
      // @JSON_VAR data
      var data = {
        "program": "Tomtom",
        "version": "5.5.5",
        "release": "Thu Sep 14 08:48:04 2023 +1000",
        "cmd": [
          "tomtom", "-verbosity", "1", "-oc",
          "xstreme_example_output_files/meme_tomtom_out", "-min-overlap", "5",
          "-dist", "ed", "-evalue", "-thresh", "1", "-no-ssc",
          "xstreme_example_output_files/meme_out/meme.xml",
          "JASPAR2018_CORE_non-redundant.meme"
        ],
        "options": {
          "strands": "both",
          "distance_measure": "ed",
          "threshold_type": "evalue",
          "threshold_value": 1,
          "background_source": "--query--"
        },
        "alphabet": {
          "name": "DNA",
          "like": "dna",
          "ncore": 4,
          "symbols": [
            {
              "symbol": "A",
              "name": "Adenine",
              "colour": "CC0000",
              "complement": "T"
            }, {
              "symbol": "C",
              "name": "Cytosine",
              "colour": "0000CC",
              "complement": "G"
            }, {
              "symbol": "G",
              "name": "Guanine",
              "colour": "FFB300",
              "complement": "C"
            }, {
              "symbol": "T",
              "aliases": "U",
              "name": "Thymine",
              "colour": "008000",
              "complement": "A"
            }, {
              "symbol": "N",
              "aliases": "X.",
              "name": "Any base",
              "equals": "ACGT"
            }, {
              "symbol": "V",
              "name": "Not T",
              "equals": "ACG"
            }, {
              "symbol": "H",
              "name": "Not G",
              "equals": "ACT"
            }, {
              "symbol": "D",
              "name": "Not C",
              "equals": "AGT"
            }, {
              "symbol": "B",
              "name": "Not A",
              "equals": "CGT"
            }, {
              "symbol": "M",
              "name": "Amino",
              "equals": "AC"
            }, {
              "symbol": "R",
              "name": "Purine",
              "equals": "AG"
            }, {
              "symbol": "W",
              "name": "Weak",
              "equals": "AT"
            }, {
              "symbol": "S",
              "name": "Strong",
              "equals": "CG"
            }, {
              "symbol": "Y",
              "name": "Pyrimidine",
              "equals": "CT"
            }, {
              "symbol": "K",
              "name": "Keto",
              "equals": "GT"
            }
          ]
        },
        "background": [0.222, 0.278, 0.278, 0.222],
        "query_dbs": [
          {
            "source": "xstreme_example_output_files/meme_out/meme.xml",
            "name": "meme.xml",
            "loaded": 10,
            "excluded": 0,
            "last_modified": "Wed Nov 29 23:44:26 2023"
          }
        ],
        "target_dbs": [
          {
            "source": "JASPAR2018_CORE_non-redundant.meme",
            "name": "JASPAR2018_CORE_non-redundant",
            "loaded": 1404,
            "excluded": 0,
            "last_modified": "Sun Jun 18 07:59:29 2023"
          }
        ],
        "queries": [
          {
            "db": 0,
            "id": "AAASAGGAAGT",
            "alt": "MEME-8",
            "len": 11,
            "nsites": 75,
            "evalue": "2.9e-004",
            "pwm": [
              [0.692705, 0.106895, 0.186789, 0.0136109], 
              [0.67939, 0.146842, 0.0802636, 0.0935043], 
              [0.586181, 0.106895, 0.0669484, 0.239976], 
              [0.000295606, 0.599571, 0.333259, 0.0668738], 
              [0.905755, 0.0403169, 0.0136854, 0.0402423], 
              [0.000295606, 0.000370173, 0.999039, 0.000295606], 
              [0.000295606, 0.146842, 0.852567, 0.000295606], 
              [0.998964, 0.000370173, 0.000370173, 0.000295606], 
              [0.919071, 0.000370173, 0.000370173, 0.0801891], 
              [0.000295606, 0.0136854, 0.985723, 0.000295606], 
              [0.000295606, 0.0536322, 0.000370173, 0.945702]
            ]
          }, {
            "db": 0,
            "id": "CCASYAGRKGGCRSY",
            "alt": "MEME-4",
            "len": 15,
            "nsites": 214,
            "evalue": "4.6e-056",
            "pwm": [
              [0.0608233, 0.887565, 0.000129846, 0.0514817], 
              [0.00010369, 0.994992, 0.000129846, 0.00477451], 
              [0.668016, 0.00947148, 0.168275, 0.154238], 
              [0.00010369, 0.607323, 0.39247, 0.00010369], 
              [0.140225, 0.383129, 0.116897, 0.359749], 
              [0.812808, 0.000129846, 0.0795317, 0.10753], 
              [0.00010369, 0.000129846, 0.999663, 0.00010369], 
              [0.350407, 0.000129846, 0.640018, 0.00944532], 
              [0.0468109, 0.000129846, 0.630676, 0.322383], 
              [0.00010369, 0.000129846, 0.999663, 0.00010369], 
              [0.0327984, 0.000129846, 0.924932, 0.04214], 
              [0.186932, 0.71942, 0.000129846, 0.093518], 
              [0.336396, 0.0515078, 0.565287, 0.0468109], 
              [0.0981889, 0.52792, 0.303726, 0.070164], 
              [0.144896, 0.364446, 0.116897, 0.373761]
            ]
          }, {
            "db": 0,
            "id": "CTTATCT",
            "alt": "MEME-5",
            "len": 7,
            "nsites": 107,
            "evalue": "1.1e-014",
            "pwm": [
              [0.000207283, 0.980651, 0.0189341, 0.000207283], 
              [0.000207283, 0.00025957, 0.00025957, 0.999274], 
              [0.000207283, 0.00025957, 0.00025957, 0.999274], 
              [0.999274, 0.00025957, 0.00025957, 0.000207283], 
              [0.000207283, 0.00025957, 0.00025957, 0.999274], 
              [0.000207283, 0.999326, 0.00025957, 0.000207283], 
              [0.000207283, 0.00025957, 0.00025957, 0.999274]
            ]
          }, {
            "db": 0,
            "id": "GACTACAWYTCCCAG",
            "alt": "MEME-6",
            "len": 15,
            "nsites": 23,
            "evalue": "8.9e-014",
            "pwm": [
              [0.217411, 0.0444932, 0.737134, 0.000961039], 
              [0.910051, 0.087784, 0.00120346, 0.000961039], 
              [0.0442508, 0.953585, 0.00120346, 0.000961039], 
              [0.000961039, 0.174364, 0.00120346, 0.823472], 
              [0.996632, 0.00120346, 0.00120346, 0.000961039], 
              [0.000961039, 0.996874, 0.00120346, 0.000961039], 
              [0.823472, 0.00120346, 0.174364, 0.000961039], 
              [0.433862, 0.0444932, 0.00120346, 0.520441], 
              [0.000961039, 0.477394, 0.087784, 0.433862], 
              [0.000961039, 0.00120346, 0.00120346, 0.996632], 
              [0.000961039, 0.996874, 0.00120346, 0.000961039], 
              [0.000961039, 0.996874, 0.00120346, 0.000961039], 
              [0.000961039, 0.996874, 0.00120346, 0.000961039], 
              [0.823472, 0.00120346, 0.174364, 0.000961039], 
              [0.000961039, 0.087784, 0.737134, 0.174121]
            ]
          }, {
            "db": 0,
            "id": "GCGCMTGCGCG",
            "alt": "MEME-9",
            "len": 11,
            "nsites": 103,
            "evalue": "3.1e-003",
            "pwm": [
              [0.2136, 0.000269641, 0.756817, 0.0293131], 
              [0.000215325, 0.9993, 0.000269641, 0.000215325], 
              [0.000215325, 0.000269641, 0.9993, 0.000215325], 
              [0.000215325, 0.86351, 0.13606, 0.000215325], 
              [0.397887, 0.543431, 0.0584651, 0.000215325], 
              [0.000215325, 0.252452, 0.000269641, 0.747063], 
              [0.000215325, 0.126361, 0.873208, 0.000215325], 
              [0.000215325, 0.9993, 0.000269641, 0.000215325], 
              [0.000215325, 0.0196678, 0.970202, 0.00991491], 
              [0.0293131, 0.970202, 0.000269641, 0.000215325], 
              [0.291195, 0.0293674, 0.679222, 0.000215325]
            ]
          }, {
            "db": 0,
            "id": "RGCTCACTGCAGCCT",
            "alt": "MEME-10",
            "len": 15,
            "nsites": 20,
            "evalue": "2.8e-002",
            "pwm": [
              [0.647871, 0.00138308, 0.349642, 0.00110448], 
              [0.00110448, 0.00138308, 0.996408, 0.00110448], 
              [0.00110448, 0.797403, 0.200388, 0.00110448], 
              [0.00110448, 0.00138308, 0.00138308, 0.996129], 
              [0.200109, 0.797403, 0.00138308, 0.00110448], 
              [0.996129, 0.00138308, 0.00138308, 0.00110448], 
              [0.0508557, 0.6979, 0.00138308, 0.249861], 
              [0.200109, 0.250139, 0.00138308, 0.548368], 
              [0.0508557, 0.0511343, 0.896905, 0.00110448], 
              [0.00110448, 0.996408, 0.00138308, 0.00110448], 
              [0.996129, 0.00138308, 0.00138308, 0.00110448], 
              [0.150358, 0.00138308, 0.847154, 0.00110448], 
              [0.150358, 0.648149, 0.100886, 0.100607], 
              [0.100607, 0.896905, 0.00138308, 0.00110448], 
              [0.00110448, 0.00138308, 0.00138308, 0.996129]
            ]
          }, {
            "db": 0,
            "id": "SCCCCGCCCCC",
            "alt": "MEME-3",
            "len": 11,
            "nsites": 324,
            "evalue": "1.3e-045",
            "pwm": [
              [0.0648635, 0.283949, 0.506103, 0.145086], 
              [0.0525213, 0.734427, 8.5776e-05, 0.212966], 
              [6.84974e-05, 0.799222, 0.0617947, 0.138915], 
              [0.0586924, 0.938068, 8.5776e-05, 0.00315355], 
              [6.84974e-05, 0.999777, 8.5776e-05, 6.84974e-05], 
              [0.17594, 8.5776e-05, 0.641863, 0.182111], 
              [6.84974e-05, 0.962752, 0.0371113, 6.84974e-05], 
              [6.84974e-05, 0.999777, 8.5776e-05, 6.84974e-05], 
              [6.84974e-05, 0.752939, 8.5776e-05, 0.246906], 
              [0.034009, 0.897957, 8.5776e-05, 0.0679485], 
              [6.84974e-05, 0.765282, 0.0957353, 0.138915]
            ]
          }, {
            "db": 0,
            "id": "TGCACTCCAGCCTGG",
            "alt": "MEME-7",
            "len": 15,
            "nsites": 15,
            "evalue": "2.1e-005",
            "pwm": [
              [0.0014702, 0.00184106, 0.0680666, 0.928622], 
              [0.0014702, 0.00184106, 0.995219, 0.0014702], 
              [0.0014702, 0.995219, 0.00184106, 0.0014702], 
              [0.862398, 0.00184106, 0.0680666, 0.0676957], 
              [0.0014702, 0.995219, 0.00184106, 0.0014702], 
              [0.13392, 0.00184106, 0.00184106, 0.862398], 
              [0.0014702, 0.995219, 0.00184106, 0.0014702], 
              [0.0014702, 0.928993, 0.0680666, 0.0014702], 
              [0.928622, 0.0680666, 0.00184106, 0.0014702], 
              [0.0014702, 0.00184106, 0.995219, 0.0014702], 
              [0.0014702, 0.862769, 0.0680666, 0.0676957], 
              [0.0014702, 0.995219, 0.00184106, 0.0014702], 
              [0.0014702, 0.00184106, 0.00184106, 0.994848], 
              [0.0014702, 0.00184106, 0.995219, 0.0014702], 
              [0.0014702, 0.00184106, 0.995219, 0.0014702]
            ]
          }, {
            "db": 0,
            "id": "TTTTYTTTTYTTTYW",
            "alt": "MEME-1",
            "len": 15,
            "nsites": 154,
            "evalue": "2.7e-059",
            "pwm": [
              [0.00663385, 0.162413, 0.000180402, 0.830774], 
              [0.116951, 0.000180402, 0.136456, 0.746412], 
              [0.259716, 0.00667019, 0.000180402, 0.733434], 
              [0.0974839, 0.104009, 0.175392, 0.623117], 
              [0.0715267, 0.337623, 0.149434, 0.441416], 
              [0.032591, 0.000180402, 0.000180402, 0.967048], 
              [0.000144062, 0.0650733, 0.0585845, 0.876198], 
              [0.214291, 0.162413, 0.110499, 0.512798], 
              [0.0520584, 0.266242, 0.0650733, 0.616627], 
              [0.123441, 0.344113, 0.0975202, 0.434927], 
              [0.000144062, 0.000180402, 0.000180402, 0.999495], 
              [0.000144062, 0.0326273, 0.292199, 0.675031], 
              [0.000144062, 0.000180402, 0.0196488, 0.980027], 
              [0.00663385, 0.428473, 0.18188, 0.383012], 
              [0.344077, 0.175392, 0.000180402, 0.480351]
            ]
          }, {
            "db": 0,
            "id": "VATGACTCAG",
            "alt": "MEME-2",
            "len": 10,
            "nsites": 210,
            "evalue": "3.5e-062",
            "pwm": [
              [0.219049, 0.247633, 0.361865, 0.171453], 
              [0.637897, 0.0620079, 0.29999, 0.000105664], 
              [0.000105664, 0.000132318, 0.000132318, 0.99963], 
              [0.000105664, 0.000132318, 0.985377, 0.0143849], 
              [0.99963, 0.000132318, 0.000132318, 0.000105664], 
              [0.0048654, 0.766434, 0.200037, 0.0286631], 
              [0.000105664, 0.000132318, 0.000132318, 0.99963], 
              [0.0191446, 0.980617, 0.000132318, 0.000105664], 
              [0.99963, 0.000132318, 0.000132318, 0.000105664], 
              [0.0239043, 0.0858055, 0.723598, 0.166693]
            ]
          }
        ],
        "targets": [
          {
            "db": 0,
            "id": "MA0028.2",
            "alt": "ELK1",
            "len": 10,
            "nsites": 67234,
            "url": "http://jaspar2018.genereg.net/matrix/MA0028.2",
            "pwm": [
              [0.681306, 0.0409024, 0.192745, 0.0850462], 
              [0.0249703, 0.939861, 0.0303254, 0.00484232], 
              [0.00776332, 0.990506, 0.00127641, 0.00045433], 
              [3.3019e-07, 0.000458413, 0.998974, 0.000567329], 
              [8.63301e-05, 0.000880412, 0.983721, 0.0153123], 
              [0.993062, 0.00505141, 0.00134441, 0.000542329], 
              [0.94711, 0.0068854, 0.00124141, 0.0447643], 
              [0.0585882, 0.0458643, 0.889835, 0.00571132], 
              [0.0169143, 0.116499, 0.0207374, 0.845849], 
              [0.289781, 0.145676, 0.377082, 0.18746]
            ]
          }, {
            "db": 0,
            "id": "MA0029.1",
            "alt": "Mecom",
            "len": 14,
            "nsites": 27,
            "url": "http://jaspar2018.genereg.net/matrix/MA0029.1",
            "pwm": [
              [0.517425, 0.0748265, 0.222428, 0.185321], 
              [0.738827, 0.0379262, 0.0748265, 0.148421], 
              [0.000819189, 0.0379262, 0.923535, 0.0377195], 
              [0.997129, 0.00102583, 0.00102583, 0.000819189], 
              [0.0377195, 0.370029, 0.00102583, 0.591225], 
              [0.997129, 0.00102583, 0.00102583, 0.000819189], 
              [0.960229, 0.00102583, 0.0379262, 0.000819189], 
              [0.000819189, 0.00102583, 0.997336, 0.000819189], 
              [0.997129, 0.00102583, 0.00102583, 0.000819189], 
              [0.000819189, 0.111727, 0.00102583, 0.886428], 
              [0.886428, 0.0379262, 0.00102583, 0.0746199], 
              [0.849528, 0.00102583, 0.148627, 0.000819189], 
              [0.222221, 0.259328, 0.259328, 0.259122], 
              [0.554325, 0.222428, 0.111727, 0.11152]
            ]
          }, {
            "db": 0,
            "id": "MA0035.3",
            "alt": "Gata1",
            "len": 11,
            "nsites": 17955,
            "url": "http://jaspar2018.genereg.net/matrix/MA0035.3",
            "pwm": [
              [0.11334, 0.240657, 0.140909, 0.505094], 
              [0.0281831, 0.356781, 0.155501, 0.459537], 
              [1.23642e-06, 0.828123, 0.0243404, 0.147536], 
              [1.23642e-06, 0.0388203, 1.54831e-06, 0.961177], 
              [1.23642e-06, 1.54831e-06, 1.54831e-06, 0.999996], 
              [0.999996, 1.54831e-06, 1.54831e-06, 1.23642e-06], 
              [1.23642e-06, 1.54831e-06, 1.54831e-06, 0.999996], 
              [1.23642e-06, 0.999996, 1.54831e-06, 1.23642e-06], 
              [0.120636, 1.54831e-06, 1.54831e-06, 0.879361], 
              [0.139348, 0.343414, 0.37243, 0.144806], 
              [0.105041, 0.282484, 0.0890011, 0.523473]
            ]
          }, {
            "db": 0,
            "id": "MA0036.3",
            "alt": "GATA2",
            "len": 11,
            "nsites": 14213,
            "url": "http://jaspar2018.genereg.net/matrix/MA0036.3",
            "pwm": [
              [0.232393, 0.209526, 0.225216, 0.332863], 
              [0.139732, 0.288398, 0.208682, 0.363188], 
              [0.0661381, 0.746286, 0.0860494, 0.101528], 
              [0.0312403, 0.0182248, 0.0105559, 0.93998], 
              [0.0293404, 0.00239394, 0.00147995, 0.966786], 
              [0.991904, 0.000986949, 0.00302693, 0.00408253], 
              [0.0102035, 0.00541992, 0.00337893, 0.980998], 
              [0.00675551, 0.969952, 0.00886689, 0.0144245], 
              [0.16696, 0.0346177, 0.0258228, 0.772599], 
              [0.204883, 0.26131, 0.257229, 0.276578], 
              [0.230634, 0.272567, 0.155915, 0.340884]
            ]
          }, {
            "db": 0,
            "id": "MA0037.3",
            "alt": "GATA3",
            "len": 8,
            "nsites": 1000,
            "url": "http://jaspar2018.genereg.net/matrix/MA0037.3",
            "pwm": [
              [0.501972, 0.226005, 0.0010277, 0.270995], 
              [2.21978e-05, 2.77972e-05, 0.999928, 2.21978e-05], 
              [0.999922, 2.77972e-05, 2.77972e-05, 2.21978e-05], 
              [2.21978e-05, 2.77972e-05, 2.77972e-05, 0.999922], 
              [0.914846, 0.0020296, 2.77972e-05, 0.0830969], 
              [0.861936, 0.0150263, 0.0760202, 0.0470175], 
              [0.114011, 0.300998, 0.47598, 0.109011], 
              [0.42298, 0.188009, 0.320996, 0.0680154]
            ]
          }, {
            "db": 0,
            "id": "MA0045.1",
            "alt": "HMG-I/Y",
            "len": 16,
            "nsites": 14,
            "url": "http://jaspar2018.genereg.net/matrix/MA0045.1",
            "pwm": [
              [0.214341, 0.356582, 0.285659, 0.143418], 
              [0.498028, 0.00197163, 0.214738, 0.285262], 
              [0.639872, 0.072894, 0.072894, 0.214341], 
              [0.214341, 0.427503, 0.285659, 0.0724969], 
              [0.781716, 0.00197163, 0.214738, 0.00157447], 
              [0.781716, 0.00197163, 0.143815, 0.0724969], 
              [0.781716, 0.00197163, 0.143815, 0.0724969], 
              [0.214341, 0.214738, 0.143815, 0.427106], 
              [0.285262, 0.072894, 0.569348, 0.0724969], 
              [0.214341, 0.285659, 0.427503, 0.0724969], 
              [0.568951, 0.356582, 0.072894, 0.00157447], 
              [0.568951, 0.072894, 0.285659, 0.0724969], 
              [0.639872, 0.00197163, 0.143815, 0.214341], 
              [0.639872, 0.356582, 0.00197163, 0.00157447], 
              [0.781716, 0.00197163, 0.214738, 0.00157447], 
              [0.143418, 0.498426, 0.00197163, 0.356185]
            ]
          }, {
            "db": 0,
            "id": "MA0076.2",
            "alt": "ELK4",
            "len": 11,
            "nsites": 3427,
            "url": "http://jaspar2018.genereg.net/matrix/MA0076.2",
            "pwm": [
              [0.0869609, 0.425441, 0.258536, 0.229063], 
              [0.114097, 0.555872, 0.166329, 0.163702], 
              [0.593511, 0.0423179, 0.302888, 0.0612827], 
              [6.47778e-06, 0.784344, 0.00467698, 0.210972], 
              [0.00234041, 8.11181e-06, 8.11181e-06, 0.997643], 
              [6.47778e-06, 8.11181e-06, 8.11181e-06, 0.999977], 
              [6.47778e-06, 0.999979, 8.11181e-06, 6.47778e-06], 
              [6.47778e-06, 0.999979, 8.11181e-06, 6.47778e-06], 
              [6.47778e-06, 8.11181e-06, 0.850581, 0.149404], 
              [6.47778e-06, 0.146196, 0.829573, 0.0242248], 
              [0.084626, 0.365623, 0.194925, 0.354825]
            ]
          }, {
            "db": 0,
            "id": "MA0079.3",
            "alt": "SP1",
            "len": 11,
            "nsites": 8734,
            "url": "http://jaspar2018.genereg.net/matrix/MA0079.3",
            "pwm": [
              [0.0981234, 0.204489, 0.489006, 0.208381], 
              [2.54176e-06, 0.711582, 0.0735083, 0.214907], 
              [0.0113374, 0.767454, 3.18292e-06, 0.221204], 
              [2.54176e-06, 0.999992, 3.18292e-06, 2.54176e-06], 
              [2.54176e-06, 0.991634, 3.18292e-06, 0.00836045], 
              [0.1556, 3.18292e-06, 0.529422, 0.314975], 
              [2.54176e-06, 0.999992, 3.18292e-06, 2.54176e-06], 
              [2.54176e-06, 0.999992, 3.18292e-06, 2.54176e-06], 
              [2.54176e-06, 0.764707, 3.18292e-06, 0.235287], 
              [0.120679, 0.72784, 3.18292e-06, 0.151478], 
              [0.0746527, 0.568923, 0.0840412, 0.272383]
            ]
          }, {
            "db": 0,
            "id": "MA0080.4",
            "alt": "SPI1",
            "len": 14,
            "nsites": 6119,
            "url": "http://jaspar2018.genereg.net/matrix/MA0080.4",
            "pwm": [
              [0.64487, 0.0907041, 0.186633, 0.0777924], 
              [0.911177, 0.00476547, 0.0690384, 0.0150194], 
              [0.992133, 0.000397537, 0.00157552, 0.00589353], 
              [0.980739, 4.54315e-06, 4.54315e-06, 0.0192523], 
              [0.899638, 0.000743531, 0.0027765, 0.096842], 
              [0.00882948, 0.0443118, 0.946495, 0.000363622], 
              [0.272119, 0.617387, 0.110338, 0.000155626], 
              [0.00544254, 0.00019254, 0.993986, 0.000378622], 
              [3.62799e-06, 0.00019254, 0.9998, 3.62799e-06], 
              [0.9994, 0.000396537, 4.54315e-06, 0.000199625], 
              [0.998622, 0.00019954, 0.00019954, 0.000978612], 
              [3.62799e-06, 0.033884, 0.965925, 0.000187625], 
              [0.00415056, 0.0136303, 0.0023745, 0.979846], 
              [0.507503, 0.0576616, 0.146749, 0.288087]
            ]
          }, {
            "db": 0,
            "id": "MA0089.1",
            "alt": "MAFG::NFE2L1",
            "len": 6,
            "nsites": 34,
            "url": "http://jaspar2018.genereg.net/matrix/MA0089.1",
            "pwm": [
              [0.205929, 0.323395, 0.294071, 0.176605], 
              [0.851091, 0.0594667, 0.0887915, 0.000651027], 
              [0.000651027, 0.000815249, 0.000815249, 0.997718], 
              [0.0299768, 0.000815249, 0.939231, 0.0299768], 
              [0.997718, 0.000815249, 0.000815249, 0.000651027], 
              [0.000651027, 0.763279, 0.0594667, 0.176605]
            ]
          }, {
            "db": 0,
            "id": "MA0099.3",
            "alt": "FOS::JUN",
            "len": 10,
            "nsites": 1000,
            "url": "http://jaspar2018.genereg.net/matrix/MA0099.3",
            "pwm": [
              [0.591963, 0.111017, 0.257002, 0.0400182], 
              [0.0030219, 0.0050273, 0.0020276, 0.989923], 
              [0.0070215, 0.0010277, 0.823945, 0.168005], 
              [0.81994, 0.131015, 0.0040274, 0.0450177], 
              [0.0780144, 0.18001, 0.687959, 0.0540168], 
              [0.0050217, 0.0020276, 0.0020276, 0.990923], 
              [0.0300192, 0.962932, 0.0030275, 0.0040218], 
              [0.991923, 0.0020276, 0.0020276, 0.0040218], 
              [0.0240198, 0.312997, 0.0950183, 0.567965], 
              [0.276995, 0.396988, 0.164011, 0.162006]
            ]
          }, {
            "db": 0,
            "id": "MA0118.1",
            "alt": "Macho-1",
            "len": 9,
            "nsites": 42,
            "url": "http://jaspar2018.genereg.net/matrix/MA0118.1",
            "pwm": [
              [0.119293, 0.356955, 0.143178, 0.380574], 
              [0.214304, 0.0481662, 0.546979, 0.190551], 
              [0.000527316, 0.000660332, 0.998285, 0.000527316], 
              [0.000527316, 0.000660332, 0.998285, 0.000527316], 
              [0.0717867, 0.0956721, 0.546979, 0.285563], 
              [0.000527316, 0.000660332, 0.998285, 0.000527316], 
              [0.119293, 0.166931, 0.356955, 0.356822], 
              [0.119293, 0.333202, 0.0956721, 0.451834], 
              [0.309316, 0.333202, 0.23819, 0.119293]
            ]
          }, {
            "db": 0,
            "id": "MA0136.2",
            "alt": "ELF5",
            "len": 11,
            "nsites": 3762,
            "url": "http://jaspar2018.genereg.net/matrix/MA0136.2",
            "pwm": [
              [0.642201, 0.0669916, 0.0800163, 0.210792], 
              [0.228652, 0.430333, 0.178842, 0.162174], 
              [0.205497, 0.510716, 0.263585, 0.0202014], 
              [0.335092, 0.581008, 0.0710235, 0.0128766], 
              [0.000906877, 7.38949e-06, 0.993074, 0.00601174], 
              [0.00150086, 7.38949e-06, 0.991012, 0.0074797], 
              [0.994086, 0.00405928, 0.00037538, 0.00147886], 
              [0.896323, 0.0206708, 7.38949e-06, 0.0829987], 
              [0.223281, 0.0388924, 0.716747, 0.0210793], 
              [0.120003, 0.180129, 0.0784963, 0.621373], 
              [0.348091, 0.134668, 0.276588, 0.240653]
            ]
          }, {
            "db": 0,
            "id": "MA0139.1",
            "alt": "CTCF",
            "len": 19,
            "nsites": 913,
            "url": "http://jaspar2018.genereg.net/matrix/MA0139.1",
            "pwm": [
              [0.0953039, 0.318725, 0.0832633, 0.502707], 
              [0.182917, 0.15883, 0.453431, 0.204821], 
              [0.307768, 0.0536936, 0.491762, 0.146777], 
              [0.0613536, 0.876166, 0.0230289, 0.03945], 
              [0.00878535, 0.988969, 3.04457e-05, 0.00221507], 
              [0.814831, 0.0142679, 0.0712166, 0.0996844], 
              [0.0438315, 0.57828, 0.365817, 0.012071], 
              [0.117336, 0.474759, 0.0526567, 0.355248], 
              [0.933036, 0.0120901, 0.0351146, 0.0197592], 
              [0.00551171, 3.04457e-05, 0.99114, 0.00331695], 
              [0.365516, 0.00332309, 0.621257, 0.00990223], 
              [0.0592938, 0.013201, 0.553208, 0.374297], 
              [0.0132099, 3.04457e-05, 0.977945, 0.00881435], 
              [0.0615556, 0.00882048, 0.851585, 0.0780378], 
              [0.114423, 0.806323, 0.00553084, 0.0737232], 
              [0.40922, 0.0143299, 0.557725, 0.0187243], 
              [0.0903224, 0.530809, 0.338099, 0.0407689], 
              [0.128865, 0.354618, 0.0804176, 0.4361], 
              [0.442707, 0.199348, 0.29295, 0.0649952]
            ]
          }, {
            "db": 0,
            "id": "MA0150.2",
            "alt": "Nfe2l2",
            "len": 15,
            "nsites": 726,
            "url": "http://jaspar2018.genereg.net/matrix/MA0150.2",
            "pwm": [
              [0.228649, 0.465539, 0.150156, 0.155656], 
              [0.552297, 0.107461, 0.219016, 0.121226], 
              [0.162542, 0.329194, 0.378774, 0.12949], 
              [0.279606, 0.340211, 0.209375, 0.170806], 
              [0.672114, 0.0386, 0.282368, 0.00691663], 
              [3.05743e-05, 3.82867e-05, 3.82867e-05, 0.999893], 
              [3.05743e-05, 3.82867e-05, 0.979242, 0.0206887], 
              [0.999893, 3.82867e-05, 3.82867e-05, 3.05743e-05], 
              [0.0275748, 0.734097, 0.16255, 0.0757781], 
              [0.115717, 0.0275825, 0.0220743, 0.834627], 
              [0.0895502, 0.756132, 0.0633906, 0.0909271], 
              [0.794687, 0.00416972, 0.123988, 0.077155], 
              [0.0138027, 0.0151882, 0.961339, 0.00967125], 
              [0.00553982, 0.962716, 0.0262057, 0.00553982], 
              [0.858039, 0.0358464, 0.0427324, 0.0633828]
            ]
          }, {
            "db": 0,
            "id": "MA0156.2",
            "alt": "FEV",
            "len": 10,
            "nsites": 11007,
            "url": "http://jaspar2018.genereg.net/matrix/MA0156.2",
            "pwm": [
              [0.658577, 0.0521511, 0.141275, 0.147998], 
              [0.124268, 0.773223, 0.0765888, 0.0259218], 
              [0.0775563, 0.915619, 0.00644447, 0.000381013], 
              [0.001792, 2.52564e-06, 0.997928, 0.000277014], 
              [0.000277014, 0.000140524, 0.99834, 0.00124101], 
              [0.995598, 0.00151351, 0.000414522, 0.00247399], 
              [0.754706, 0.0160354, 0.00062752, 0.228631], 
              [0.300951, 0.0331992, 0.657503, 0.00834694], 
              [0.0437976, 0.179622, 0.061553, 0.715029], 
              [0.294425, 0.187363, 0.311396, 0.206816]
            ]
          }, {
            "db": 0,
            "id": "MA0272.1",
            "alt": "ARG81",
            "len": 8,
            "nsites": 198,
            "url": "http://jaspar2018.genereg.net/matrix/MA0272.1",
            "pwm": [
              [0.297942, 0.0607157, 0.419121, 0.222222], 
              [0.0366786, 0.000140333, 0.024518, 0.938662], 
              [0.0772931, 0.000140333, 0.922455, 0.000112065], 
              [0.999607, 0.000140333, 0.000140333, 0.000112065], 
              [0.000112065, 0.995961, 0.000140333, 0.00378621], 
              [0.00617001, 0.000140333, 0.000140333, 0.993549], 
              [0.000112065, 0.999636, 0.000140333, 0.000112065], 
              [0.317156, 0.317184, 0.0216345, 0.344024]
            ]
          }, {
            "db": 0,
            "id": "MA0278.1",
            "alt": "BAS1",
            "len": 21,
            "nsites": 998,
            "url": "http://jaspar2018.genereg.net/matrix/MA0278.1",
            "pwm": [
              [0.0641438, 0.217441, 0.425837, 0.292578], 
              [0.10422, 0.553078, 0.150314, 0.192388], 
              [0.48543, 0.111351, 0.114359, 0.28886], 
              [0.0781704, 0.401792, 0.186382, 0.333656], 
              [0.455889, 0.0511247, 0.370732, 0.122254], 
              [0.248494, 0.0340924, 0.671304, 0.0461096], 
              [0.0982084, 0.725406, 0.1433, 0.0330849], 
              [0.052173, 0.920698, 0.00704815, 0.0200802], 
              [0.348684, 0.346686, 0.280561, 0.0240678], 
              [0.012045, 0.00303355, 0.978888, 0.00603364], 
              [0.967861, 0.00503735, 0.0230715, 0.00402984], 
              [0.0260716, 0.00603925, 0.963859, 0.00402984], 
              [0.00903934, 0.0100468, 0.00403545, 0.976878], 
              [0.0470645, 0.930866, 0.00703415, 0.0150357], 
              [0.892826, 0.0420656, 0.0160422, 0.0490663], 
              [0.487949, 0.123262, 0.320637, 0.0681514], 
              [0.288281, 0.140154, 0.317313, 0.254251], 
              [0.373732, 0.110237, 0.0811817, 0.434849], 
              [0.17854, 0.368095, 0.184563, 0.268801], 
              [0.403192, 0.140435, 0.34202, 0.114354], 
              [0.435414, 0.229234, 0.241245, 0.0941068]
            ]
          }, {
            "db": 0,
            "id": "MA0283.1",
            "alt": "CHA4",
            "len": 8,
            "nsites": 100,
            "url": "http://jaspar2018.genereg.net/matrix/MA0283.1",
            "pwm": [
              [0.220002, 0.0502278, 0.679598, 0.0501718], 
              [0.000221778, 0.000277722, 0.999279, 0.000221778], 
              [0.000221778, 0.999279, 0.000277722, 0.000221778], 
              [0.000221778, 0.000277722, 0.999279, 0.000221778], 
              [0.000221778, 0.000277722, 0.999279, 0.000221778], 
              [0.716677, 0.000277722, 0.282823, 0.000221778], 
              [0.220002, 0.0102677, 0.759518, 0.0102118], 
              [0.484585, 0.101187, 0.101187, 0.31304]
            ]
          }, {
            "db": 0,
            "id": "MA0289.1",
            "alt": "DAL80",
            "len": 7,
            "nsites": 101,
            "url": "http://jaspar2018.genereg.net/matrix/MA0289.1",
            "pwm": [
              [0.109023, 0.662985, 0.0596222, 0.16837], 
              [0.000219585, 0.000274975, 0.999286, 0.000219585], 
              [0.99923, 0.000274975, 0.000274975, 0.000219585], 
              [0.000219585, 0.000274975, 0.000274975, 0.99923], 
              [0.99923, 0.000274975, 0.000274975, 0.000219585], 
              [0.908411, 0.010366, 0.010366, 0.0708566], 
              [0.0301899, 0.190087, 0.749533, 0.0301899]
            ]
          }, {
            "db": 0,
            "id": "MA0300.1",
            "alt": "GAT1",
            "len": 8,
            "nsites": 101,
            "url": "http://jaspar2018.genereg.net/matrix/MA0300.1",
            "pwm": [
              [0.128805, 0.435488, 0.188208, 0.2475], 
              [0.170051, 0.41986, 0.0502255, 0.359864], 
              [0.000219585, 0.000274975, 0.999286, 0.000219585], 
              [0.99923, 0.000274975, 0.000274975, 0.000219585], 
              [0.000219585, 0.000274975, 0.000274975, 0.99923], 
              [0.99923, 0.000274975, 0.000274975, 0.000219585], 
              [0.99923, 0.000274975, 0.000274975, 0.000219585], 
              [0.0304926, 0.0910941, 0.847921, 0.0304926]
            ]
          }, {
            "db": 0,
            "id": "MA0303.1",
            "alt": "GCN4",
            "len": 21,
            "nsites": 998,
            "url": "http://jaspar2018.genereg.net/matrix/MA0303.1",
            "pwm": [
              [0.218437, 0.295589, 0.245494, 0.240479], 
              [0.371728, 0.217441, 0.268538, 0.142293], 
              [0.362711, 0.213433, 0.150314, 0.273542], 
              [0.282559, 0.119254, 0.325646, 0.27254], 
              [0.275546, 0.177365, 0.316629, 0.23046], 
              [0.169174, 0.140154, 0.365356, 0.325315], 
              [0.536041, 0.0350943, 0.413814, 0.0150507], 
              [0.0110431, 0.00804305, 0.00603925, 0.974875], 
              [0.00202604, 0.00503735, 0.935806, 0.0571305], 
              [0.969865, 0.0130525, 0.00403545, 0.0130469], 
              [0.00202604, 0.433852, 0.563097, 0.00102414], 
              [0.0130469, 0.00403545, 0.0130525, 0.969865], 
              [0.0571305, 0.935806, 0.00503735, 0.00202604], 
              [0.974875, 0.00603925, 0.00804305, 0.0110431], 
              [0.0150507, 0.413814, 0.0350943, 0.536041], 
              [0.376361, 0.290289, 0.131146, 0.202204], 
              [0.207208, 0.354346, 0.194202, 0.244242], 
              [0.284563, 0.216439, 0.202413, 0.296586], 
              [0.226453, 0.234473, 0.177365, 0.361709], 
              [0.254506, 0.329654, 0.23247, 0.183371], 
              [0.337663, 0.16935, 0.195399, 0.297587]
            ]
          }, {
            "db": 0,
            "id": "MA0305.1",
            "alt": "GCR2",
            "len": 7,
            "nsites": 231,
            "url": "http://jaspar2018.genereg.net/matrix/MA0305.1",
            "pwm": [
              [0.142891, 0.142915, 0.644863, 0.0693301], 
              [9.60624e-05, 0.999688, 0.000120294, 9.60624e-05], 
              [0.06714, 0.000120294, 0.00621566, 0.926524], 
              [9.60624e-05, 0.000120294, 0.000120294, 0.999663], 
              [9.60624e-05, 0.969849, 0.000120294, 0.0299341], 
              [9.60624e-05, 0.995985, 0.00382269, 9.60624e-05], 
              [0.333285, 0.28415, 0.0328931, 0.349672]
            ]
          }, {
            "db": 0,
            "id": "MA0309.1",
            "alt": "GZF3",
            "len": 8,
            "nsites": 100,
            "url": "http://jaspar2018.genereg.net/matrix/MA0309.1",
            "pwm": [
              [0.180042, 0.389888, 0.0202577, 0.409812], 
              [0.000221778, 0.000277722, 0.999279, 0.000221778], 
              [0.999223, 0.000277722, 0.000277722, 0.000221778], 
              [0.000221778, 0.000277722, 0.000277722, 0.999223], 
              [0.999223, 0.000277722, 0.000277722, 0.000221778], 
              [0.729493, 0.0901878, 0.000277722, 0.180042], 
              [0.0397862, 0.37614, 0.583852, 0.000221778], 
              [0.389832, 0.180098, 0.270008, 0.160062]
            ]
          }, {
            "db": 0,
            "id": "MA0323.1",
            "alt": "IXR1",
            "len": 15,
            "nsites": 161,
            "url": "http://jaspar2018.genereg.net/matrix/MA0323.1",
            "pwm": [
              [0.999517, 0.000172564, 0.000172564, 0.000137803], 
              [0.765485, 0.000172564, 0.000172564, 0.234169], 
              [0.326858, 0.000172564, 0.5383, 0.134669], 
              [0.106941, 0.869861, 0.000172564, 0.0230246], 
              [0.239826, 0.759864, 0.000172564, 0.000137803], 
              [0.239826, 0.000172564, 0.759864, 0.000137803], 
              [0.119722, 0.000172564, 0.721946, 0.15816], 
              [0.629955, 0.000172564, 0.369735, 0.000137803], 
              [0.765485, 0.000172564, 0.000172564, 0.234169], 
              [0.000137803, 0.000172564, 0.999552, 0.000137803], 
              [0.000137803, 0.999552, 0.000172564, 0.000137803], 
              [0.103015, 0.000172564, 0.896675, 0.000137803], 
              [0.020744, 0.000172564, 0.978946, 0.000137803], 
              [0.000137803, 0.000172564, 0.530649, 0.469041], 
              [0.000137803, 0.000172564, 0.896675, 0.103015]
            ]
          }, {
            "db": 0,
            "id": "MA0374.1",
            "alt": "RSC3",
            "len": 7,
            "nsites": 100,
            "url": "http://jaspar2018.genereg.net/matrix/MA0374.1",
            "pwm": [
              [0.000221778, 0.909369, 0.0502278, 0.0401818], 
              [0.000221778, 0.000277722, 0.999279, 0.000221778], 
              [0.000221778, 0.999279, 0.000277722, 0.000221778], 
              [0.000221778, 0.000277722, 0.999279, 0.000221778], 
              [0.0607672, 0.555279, 0.181914, 0.20204], 
              [0.190032, 0.299978, 0.369908, 0.140082], 
              [0.227717, 0.257447, 0.336575, 0.178262]
            ]
          }, {
            "db": 0,
            "id": "MA0425.1",
            "alt": "YGR067C",
            "len": 14,
            "nsites": 101,
            "url": "http://jaspar2018.genereg.net/matrix/MA0425.1",
            "pwm": [
              [0.356303, 0.237664, 0.267338, 0.138696], 
              [0.000219585, 0.999286, 0.000274975, 0.000219585], 
              [0.000219585, 0.989296, 0.000274975, 0.0102097], 
              [0.000219585, 0.999286, 0.000274975, 0.000219585], 
              [0.0102097, 0.989296, 0.000274975, 0.000219585], 
              [0.409814, 0.000274975, 0.309968, 0.279943], 
              [0.000219585, 0.979306, 0.0102651, 0.0102097], 
              [0.267282, 0.257446, 0.168425, 0.306847], 
              [0.229992, 0.260018, 0.200077, 0.309913], 
              [0.239982, 0.260018, 0.200077, 0.299923], 
              [0.249972, 0.240038, 0.250028, 0.259962], 
              [0.249972, 0.220057, 0.260018, 0.269953], 
              [0.220002, 0.260018, 0.260018, 0.259962], 
              [0.257391, 0.237664, 0.257446, 0.2475]
            ]
          }, {
            "db": 0,
            "id": "MA0431.1",
            "alt": "TDA9",
            "len": 9,
            "nsites": 100,
            "url": "http://jaspar2018.genereg.net/matrix/MA0431.1",
            "pwm": [
              [0.319902, 0.240038, 0.230048, 0.210012], 
              [0.000221778, 0.999279, 0.000277722, 0.000221778], 
              [0.000221778, 0.999279, 0.000277722, 0.000221778], 
              [0.000221778, 0.999279, 0.000277722, 0.000221778], 
              [0.000221778, 0.999279, 0.000277722, 0.000221778], 
              [0.299922, 0.000277722, 0.359918, 0.339882], 
              [0.000221778, 0.999279, 0.000277722, 0.000221778], 
              [0.435431, 0.158535, 0.029951, 0.376084], 
              [0.190032, 0.349928, 0.150128, 0.309912]
            ]
          }, {
            "db": 0,
            "id": "MA0443.1",
            "alt": "btd",
            "len": 10,
            "nsites": 30,
            "url": "http://jaspar2018.genereg.net/matrix/MA0443.1",
            "pwm": [
              [0.465854, 0.100591, 0.233481, 0.200073], 
              [0.332963, 0.000923587, 0.665376, 0.000737542], 
              [0.133628, 0.000923587, 0.59893, 0.266519], 
              [0.0671831, 0.000923587, 0.931156, 0.000737542], 
